3.200316
3.186325
3.164726
3.067526
2.766666
2.788668
2.792455
3.117069
3.068502
3.246802
3.043756
2.703351
3.003548
2.899433
3.087059
3.204808
2.967494
3.133916
3.097431
2.756849
2.799314
2.769114
2.956118
2.886585
3.170755
3.012963
2.993080
2.922978
2.856918
2.947258
2.947013
2.743708
2.727843
2.873528
2.744975
3.230181
3.220172
3.270151
2.832163
3.044278
3.023998
2.853209
2.722856
2.724801
3.234286
2.960597
2.830031
2.852119
3.103625
3.135059
2.907745
3.257356
3.162508
2.746797
2.857776
3.182397
3.199144
3.111555
2.802718
2.784732
2.755875
2.858981
3.165809
2.843876
3.038459
2.733900
3.148703
3.160003
3.198508
2.751186
2.715000
2.905070
3.067769
3.197436
2.764238
2.781418
2.919226
3.247299
3.155210
2.936352
2.779721
3.134147
3.276443
2.976534
2.975223
3.166820
2.761408
2.809263
3.289105
3.039276
2.840153
3.156228
3.272263
3.127082
3.203439
3.294385
3.055202
2.839267
2.993678
2.771250
2.759887
2.826159
3.083728
2.755803
2.843791
2.910944
3.089058
3.103918
3.283539
2.804152
3.083991
2.852519
2.712228
2.914416
2.876164
3.256141
2.719460
3.100149
3.182670
3.235779
2.822662
3.184346
3.214897
3.027283
3.142472
2.905535
2.895499
2.757105
2.813657
2.702901
3.070251
2.718138
3.244858
2.901152
2.808629
3.118992
2.800818
2.982068
3.260496
3.234337
3.049979
2.727075
2.788010
3.148154
3.176109
3.164465
3.154906
3.248605
2.915140
3.291675
2.726517
2.772207
2.976847
3.295583
2.862513
3.112005
3.269342
2.840667
3.203089
3.261692
2.971840
3.208981
2.723192
2.702227
2.708862
3.152760
2.964390
3.035359
3.134483
2.769331
3.113429
3.148582
3.019344
2.731206
2.872265
2.894967
3.147668
3.211647
3.192253
2.868467
2.840386
3.109126
3.129120
2.755531
3.119304
3.002722
3.138823
2.971274
3.268726
3.200393
3.165419
3.294606
3.297879
3.134353
2.762270
3.115803
2.818518
3.207099
3.037289
2.754369
2.958799
2.751251
2.702788
2.980958
2.816146
2.895466
2.730625
3.238169
2.808743
3.142767
3.270306
3.172066
3.015816
3.011739
3.028429
2.819928
2.824471
3.047046
3.249328
2.848330
2.703399
3.280933
2.817716
2.815876
3.207256
3.207185
3.197541
2.953460
3.070002
3.223736
2.714349
2.886472
3.242226
2.756676
3.075375
2.734650
3.201534
2.989980
2.737353
2.984671
3.214566
2.949613
3.120352
3.000672
3.169601
3.048638
3.058365
3.009394
3.148459
2.949753
3.227971
3.207269
3.178621
3.072948
2.898854
2.992066
3.249587
3.027747
2.824860
3.273492
2.812291
3.277240
3.231141
2.890226
3.286065
2.871163
2.760531
3.232090
2.922765
3.047313
3.135515
2.876185
2.978057
2.975187
3.259818
2.821686
3.063592
2.727489
2.914617
2.705088
2.770605
3.222159
3.093884
2.982719
3.194345
2.804643
3.171626
3.219107
2.701715
2.926041
2.850803
3.051020
3.171447
3.067708
3.239300
3.241460
3.097050
2.842534
3.157415
3.040151
3.146207
3.137622
3.268837
3.069659
2.716446
2.976889
2.849076
2.736239
2.712296
3.071392
2.814953
2.833222
3.284913
3.005276
2.769073
3.284270
2.798691
2.962277
3.010164
2.874067
3.048580
3.130837
3.292700
2.740466
3.110642
2.721723
2.923511
3.142396
3.206702
3.256220
3.001107
3.129741
3.065322
2.791730
3.248268
3.009388
3.232722
2.992830
3.175008
2.808457
2.877770
2.992661
2.701140
3.143185
2.835423
3.277381
2.714797
3.080095
3.120053
3.187693
3.115306
2.860492
2.985621
2.732231
3.027559
3.013521
3.030939
2.949060
3.094291
2.807263
2.932863
3.049064
3.169051
3.226903
3.257108
2.716585
3.253721
3.281378
3.106833
2.892244
3.175312
3.254148
3.269420
3.225434
3.171177
2.778340
3.176865
3.216308
2.865241
3.225871
2.823008
3.192370
3.242329
3.251159
2.817879
2.779723
2.742236
3.069925
2.934669
3.183359
2.824760
2.768410
2.741493
2.928955
2.906995
2.761026
2.888963
3.091536
3.042753
3.189457
3.088150
3.281185
2.933240
2.945712
3.157030
3.106475
3.247342
3.027840
3.055522
2.725224
2.857065
2.890913
3.282143
3.087537
2.739109
2.729626
2.990339
3.123194
3.278776
3.038805
2.754544
3.007860
3.156454
3.082235
3.202786
3.181259
2.801491
3.152537
3.222991
3.048366
3.154024
2.955205
2.834933
2.806859
2.787382
3.073795
3.274066
3.252743
2.815713
3.129634
2.756836
2.979383
2.956076
2.883598
3.046890
2.847953
2.731672
3.249842
2.922440
3.040372
2.810989
2.761035
2.703690
2.826450
2.759940
2.923691
3.040921
3.283728
3.103732
2.709942
2.946214
3.127811
3.095746
3.189356
2.727976
3.253589
3.278683
2.766259
2.999337
2.925022
2.998254
3.212460
3.282489
2.820427
2.938851
2.830208
2.866793
2.978280
3.085206
3.296919
3.107199
3.294859
3.212443
2.859595
2.890173
2.875411
2.725589
2.985344
2.763836
2.705364
2.806754
3.215005
3.188878
2.887618
2.774367
2.745157
3.257333
2.907598
2.950674
2.999751
2.960059
3.009304
2.827169
3.025352
3.180141
2.985746
3.075846
2.752500
2.727256
3.173198
3.281641
3.094167
3.097259
3.224251
2.864656
2.740501
2.965163
2.802189
3.260421
2.743643
3.285669
2.933608
2.709868
2.918657
3.261025
3.137083
3.057131
3.147977
2.802644
2.823935
3.212004
3.266534
3.243230
2.990700
3.035252
2.815163
2.896887
3.103523
3.030788
3.158711
3.254640
2.969566
3.226801
2.750469
3.230688
2.903480
3.194296
3.045592
2.963920
2.970084
2.711226
3.175509
2.755798
2.714802
3.169327
2.964034
2.748265
3.191618
3.246864
2.917330
3.041991
3.163083
3.039702
2.909678
3.005191
3.084281
3.288382
3.242968
3.164677
3.121268
2.921750
3.009353
2.969829
2.839333
2.852892
3.185062
2.924587
3.208100
2.740548
3.201236
2.961551
3.121127
2.742301
3.216231
2.975095
2.701914
3.160358
3.219434
2.936192
3.257858
3.148654
2.792443
3.165713
2.938931
2.972326
3.161479
2.705878
3.285292
2.728504
3.151350
2.806329
3.076853
2.865693
3.084035
3.132395
2.861399
3.131594
2.896215
2.921020
2.856506
3.074261
2.947254
3.114529
2.823889
3.038411
3.048065
2.750356
2.914713
2.718112
2.741513
3.045859
2.961235
2.870190
2.700226
2.968658
3.145920
2.984312
2.921009
3.214603
2.960261
3.225446
2.810790
3.059943
3.140122
3.291934
2.745274
3.052655
3.231728
2.954696
3.081213
3.117219
2.805283
2.794399
3.264914
2.894201
3.126583
2.825712
2.766117
2.942769
2.944106
2.763909
3.150636
2.954916
2.798072
2.911653
2.798491
3.137592
2.830837
3.264973
2.731288
2.997118
3.012861
2.944515
2.719869
2.970785
3.104621
2.979509
2.977931
2.895210
3.035626
3.231552
2.777928
2.896699
3.117408
3.266498
3.167778
3.260858
3.061803
2.937580
3.146215
2.951631
3.021973
2.932209
3.181482
3.267344
3.094381
3.235008
2.856912
3.016201
2.920676
3.000941
2.907432
2.965559
2.941230
2.993595
3.100395
3.039289
3.238169
3.282035
3.277297
3.056558
3.287008
3.068598
3.076093
2.819533
2.843999
3.190734
3.026136
3.156621
3.066922
3.245180
3.091928
3.222524
3.264663
3.151173
2.840436
3.240496
3.252842
2.842120
3.219740
2.881950
3.058642
3.149116
3.073380
3.255492
2.873159
3.234029
3.288302
2.774250
2.793742
3.057472
3.114491
3.162657
3.203429
2.887894
3.031159
2.786926
3.289232
3.017579
3.296065
3.032769
3.071443
2.833386
2.921332
2.754536
3.139895
3.124083
3.159380
3.267917
3.232514
2.866323
2.910963
2.974865
3.245906
3.184685
2.879546
2.847852
3.220928
2.777681
2.747650
2.908870
3.055107
3.232271
3.043205
2.758962
2.719264
3.194029
2.865692
3.204550
3.023933
2.828858
3.037061
2.863010
3.279607
3.154943
2.860848
3.041666
3.234812
3.006541
2.768961
2.885957
2.849691
3.270390
3.250686
3.236513
3.093585
3.216359
2.908800
2.947282
3.156274
2.717079
3.082123
3.227851
2.724220
2.867795
3.222314
2.741241
3.014742
3.282716
2.853111
3.090924
3.097300
3.155277
3.154865
2.706271
3.229086
2.821266
3.235412
3.177787
3.226096
2.963686
3.248058
2.978559
2.833282
2.961253
2.977124
3.245779
2.905841
3.268427
2.836793
2.910415
2.883537
3.251321
2.934580
2.741072
3.116493
2.958580
2.723183
2.950473
2.886054
3.063260
3.217426
2.895448
2.980438
2.974697
3.284217
2.952445
3.206646
3.220706
2.840839
2.982478
2.898522
3.281664
2.851684
3.277079
3.019256
2.930330
2.801773
2.991973
3.030165
2.859714
2.983558
2.969236
3.178529
2.892407
2.878207
3.004593
2.972785
2.745388
2.997891
2.919966
3.021215
3.201582
3.147757
2.939970
3.126362
2.755758
3.145221
3.037713
2.724114
3.001780
3.040278
3.021104
2.844258
3.243533
2.808491
2.926911
3.216584
3.070717
2.908251
2.754899
3.226859
2.878038
2.827298
2.919938
2.987232
2.931574
2.891959
2.953717
2.770186
2.990043
2.708219
2.819213
2.716632
3.114425
2.827064
2.797895
2.852616
2.832690
3.194244
2.921814
2.975658
2.796732
3.296288
3.034719
2.876591
3.138573
3.019483
2.913554
2.743606
2.762112
3.297156
2.989322
2.786467
2.744146
2.971417
3.248493
2.941350
3.006499
3.154862
3.106967
2.954009
2.931868
3.256935
2.879230
2.760757
2.718875
2.768083
2.748005
2.854422
3.051442
3.214639
2.984156
2.835359
2.814558
2.732095
2.806385
3.225142
2.767292
2.915110
3.213985
2.746618
3.026383
3.099102
3.117885
2.789703
3.131626
2.702731
2.903182
3.056801
3.086751
3.098572
3.244905
2.993407
2.924668
2.900088
2.929496
3.084807
2.884651
2.740423
3.096465
3.205393
3.256289
3.107874
3.221107
3.077066
3.120589
3.054993
2.727036
3.049133
3.085657
2.908394
3.076184
2.867588
3.064901
3.122447
2.973841
3.275881
3.050958
2.869013
2.905428
2.753059
2.733695
3.100292
2.962759
3.243577
3.170124
3.144164
2.895787
3.269316
3.133442
2.886261
3.021644
2.929186
2.999959
3.185769
2.828285
3.177028
3.063910
3.079811
2.810999
2.806087
3.016633
2.741266
2.941164
2.840475
3.252718
3.124125
3.058725
3.158407
2.931521
2.831962
3.126380
2.848885
3.118432
2.961348
2.880322
3.221057
3.062329
3.036080
2.766527
2.981892
2.703600
2.881792
2.923872
3.285821
3.200514
3.217917
2.750774
2.724633
2.774169
3.015054
3.083190
2.799917
3.122101
2.823917
2.916381
3.043083
3.044247
2.756041
2.766043
2.749735
3.217985
3.213449
3.029700
2.948923
3.077896
3.142775
3.225197
3.163340
2.938399
2.981699
3.286872
2.955343
3.286701
2.718437
2.795104
3.250826
2.885823
2.716025
3.283632
3.297255
3.162689
2.734439
2.906719
3.171587
2.730921
2.962649
3.227459
2.711921
3.207921
3.203320
2.974256
2.773275
3.103158
2.804563
3.164808
2.892916
2.797191
2.743858
2.813683
3.057968
2.920027
3.171297
2.726412
2.812205
2.966027
2.751958
3.152937
2.852838
2.891213
2.929367
3.252947
2.897069
3.277849
3.260700
2.872751
2.753856
3.276429
3.243407
2.795974
2.732539
2.880398
2.887461
3.289991
3.159635
2.704798
3.054267
3.073507
2.779447
3.205755
2.885330
3.222379
2.926694
2.865015
3.213050
3.222905
3.283376
2.876619
2.886238
2.941374
3.111576
2.796954
2.828154
3.110499
3.241652
2.717606
2.976736
2.949467
2.708840
2.896442
3.193732
2.926191
2.717844
2.742680
3.288357
2.717545
3.298967
2.869050
3.087796
3.148905
3.195792
2.767085
2.738418
2.968667
3.052470
3.252956
2.960930
3.120755
2.996668
3.163814
2.999446
2.700410
3.095875
2.755211
2.789114
3.269450
3.166315
3.282165
3.090008
3.125774
3.078012
2.762568
3.051028
3.101488
3.246197
2.894204
2.734150
3.127767
3.138080
2.903838
3.269217
2.729912
2.883446
3.162675
2.914884
2.928224
2.951852
2.847810
2.863785
3.097877
3.241933
2.780261
3.028674
2.722145
2.733694
3.119183
3.207743
2.972986
2.711608
2.961223
3.116925
2.797959
3.139868
2.776407
3.093497
3.125817
3.252462
2.816179
2.793544
3.213203
3.089193
3.177552
2.787987
3.124650
3.143913
2.969258
2.923847
2.966102
2.867205
3.282139
2.961311
3.076454
3.255551
2.931500
3.075395
3.041771
2.898141
2.762284
2.753414
3.195331
3.145246
3.179020
3.080378
3.194627
2.966302
2.727564
2.870854
3.171691
2.981506
2.887733
2.710065
3.177838
2.760575
2.949215
2.728959
2.710034
2.785268
2.834326
2.738408
3.238684
3.187172
2.756625
2.900578
2.954615
3.082379
3.021687
3.245961
3.215208
2.717784
3.275171
3.245230
3.175339
2.886650
3.268635
2.823102
3.059362
3.201324
3.143200
2.905314
3.084419
2.976397
3.097166
3.003731
3.198618
2.702604
3.284183
2.799338
2.742542
3.257772
3.152698
3.274541
3.111462
2.901787
3.238435
2.975501
3.261297
3.062238
3.130880
2.908826
2.796157
2.963271
2.813831
2.810003
2.860741
3.213459
3.004583
2.792355
3.113085
3.176123
2.785710
2.912587
3.174843
3.051797
3.240599
2.870717
3.219969
3.100504
3.159570
3.243641
3.034578
3.225934
2.773867
3.195509
3.109796
3.019690
2.804632
3.002634
2.894232
2.702390
2.776761
3.239866
2.703646
3.172190
3.238885
3.071531
2.705581
3.159693
2.935331
2.957530
3.111480
3.001948
2.900942
2.887572
2.709119
2.958480
3.188393
2.717166
3.063433
2.796607
3.180453
3.264941
3.024168
2.734577
2.786711
2.981993
2.940210
2.724876
2.721722
2.990608
3.065858
3.128784
3.270565
2.839075
2.996595
3.234562
2.713483
2.724002
2.918187
2.756107
2.826543
3.214751
3.183687
3.105441
2.926226
2.759356
3.247132
2.810579
3.276086
3.015407
3.245777
3.142787
3.063457
3.179605
2.716667
3.183069
2.909256
2.824752
3.112317
3.008672
2.964362
2.885174
3.237835
2.724317
3.183627
3.077337
2.943880
3.143714
2.786600
3.022322
2.964538
2.725920
2.991209
2.746734
3.182532
3.271041
2.844392
3.217579
3.073484
2.904827
3.242327
3.068952
3.212743
2.979582
2.725674
3.254588
2.932710
3.236913
2.806358
3.140106
3.167133
2.710673
3.220324
3.276707
3.073270
3.105240
3.242461
2.861851
2.768526
3.012196
2.830500
2.723217
2.882902
2.758107
2.973958
3.046899
2.750267
2.792919
2.979561
3.182544
3.169169
3.298417
3.158228
2.974374
3.277369
2.883154
3.072049
3.218716
2.966515
2.908851
3.111989
3.175070
2.743677
2.823569
3.182120
3.220682
2.738397
2.733074
2.988079
3.255962
2.774766
3.233989
2.721479
3.130024
3.115752
3.156432
3.296334
2.944180
3.296868
3.139078
3.108398
2.942143
2.900849
2.915639
2.724432
2.783966
3.145748
2.741393
3.045271
2.916966
2.943242
3.250344
2.991516
3.157854
2.766387
3.296989
2.909736
2.790865
2.930311
2.988842
2.753125
3.294069
3.237420
2.809378
2.727006
2.705444
2.984274
3.070462
3.058661
3.226332
3.036281
2.942504
3.208102
3.069305
2.819673
3.149665
3.108940
2.993039
3.063631
2.735078
2.833531
2.823576
2.874921
2.884326
2.922499
3.286728
3.138960
2.988655
2.991911
2.885672
3.191224
2.796765
2.907966
2.844112
2.759456
2.722994
3.280650
3.198250
2.717125
3.038740
3.137168
3.219941
2.974315
3.093561
3.101607
3.029793
2.843010
2.803650
2.838389
2.775278
2.917219
3.263059
3.007691
2.863895
3.018942
3.044316
3.146956
2.883172
3.144915
2.747605
3.136977
2.848748
2.742153
3.147156
3.051394
2.973994
3.249070
3.195745
3.169536
2.763913
3.056130
2.997274
2.864264
3.283118
2.718386
2.708101
2.857417
3.057863
3.179067
2.859574
2.980201
3.163835
2.763674
3.073168
2.947297
3.277595
2.809682
2.962322
2.829551
2.720114
2.770875
3.035869
3.251898
3.066807
2.954223
2.990655
3.113289
3.040123
3.066960
2.871972
2.991169
2.730246
2.755653
3.218341
2.725830
2.735775
3.185023
3.071787
2.973623
3.085485
2.910741
2.925129
3.183635
3.230737
2.997699
2.873799
3.086567
3.177701
3.249505
3.173484
3.047694
2.816178
3.191021
2.926232
3.269799
2.846990
3.240210
3.162439
3.212614
2.939386
2.701549
3.202485
3.129966
3.036052
2.736217
3.142383
2.893739
3.065237
2.875766
2.874768
2.972249
2.955320
3.244756
3.127721
2.996449
3.180981
3.141837
2.883712
3.197647
3.230289
2.735930
3.110383
3.137488
3.154006
3.298685
2.827050
3.220972
2.843626
2.921534
2.781179
2.988410
2.981205
2.963641
2.915195
3.041589
3.231944
2.864769
3.231726
3.163600
2.750937
2.824668
3.233916
2.878598
3.003433
2.920660
2.824004
3.109706
3.007834
3.049492
2.994995
2.870011
2.781890
3.038912
2.953939
3.088830
2.778025
3.175781
2.803592
3.056638
3.274905
2.739834
2.859968
3.148000
2.744364
2.814972
2.892374
2.731815
3.111401
2.847234
3.192848
2.891370
2.997692
2.903889
2.898720
2.999342
3.131073
2.881643
2.927912
2.982225
2.892278
3.039325
3.112317
2.817664
3.047180
3.105588
2.849417
2.970513
2.821696
3.235601
3.017806
3.215010
2.715976
3.183660
3.285823
3.189982
2.707288
3.055419
2.799914
2.765118
2.933527
3.204397
2.980736
3.260862
3.022130
2.803288
2.744722
2.770948
3.209422
2.944811
2.729260
2.735599
2.708537
3.272289
3.154521
3.130381
3.256015
3.012371
2.957294
3.285608
2.982134
2.899787
3.079168
2.930466
2.818780
3.198326
2.797398
3.084174
2.978388
3.254123
3.079201
3.267906
3.083912
3.021022
3.064836
2.733461
2.844432
3.263556
2.853078
2.843126
3.120724
3.001944
3.083334
2.743978
2.861850
3.230186
3.012305
3.083819
2.881574
2.912083
2.773443
3.034408
2.968881
2.946864
3.128465
3.241009
2.733805
2.840784
2.735030
2.960218
3.190025
2.919129
3.276575
2.909604
3.202481
2.881614
2.763845
2.807258
3.087126
3.103621
2.807424
3.298119
2.718957
3.022740
2.988837
2.913582
3.174983
3.131061
2.918484
3.182816
3.039334
2.984439
2.814108
3.038680
2.804163
2.758852
3.090599
3.190548
2.994559
3.161209
3.021316
3.211257
3.259666
3.275229
2.820013
3.045177
3.129566
2.988451
2.788245
2.818650
2.810709
3.274588
3.172534
2.934304
3.190694
3.240051
3.042020
3.192739
2.989832
3.158528
3.205307
2.718869
3.139064
3.208326
2.878745
2.916585
3.142735
2.928005
2.788261
2.742618
3.001429
3.135943
3.057333
2.900541
3.186455
3.129105
3.299270
2.978504
3.279671
2.749722
2.998236
2.960472
3.094674
2.724103
2.727917
2.817119
2.789212
2.713063
3.015474
2.875946
2.713160
3.168666
2.934782
2.928361
2.939507
3.139119
2.989770
2.826444
2.874465
2.819407
2.932909
3.033178
3.128755
2.783880
2.711068
3.066884
3.074123
2.746332
2.999388
3.183811
3.076937
2.785508
3.087990
3.289006
3.178530
2.750942
3.279526
2.979146
3.186315
2.703470
2.736308
3.152989
3.157799
3.089150
3.188461
3.233531
2.840976
3.140805
3.128451
2.776216
3.237011
2.765908
2.926711
3.078552
2.761471
2.769844
2.958338
2.732443
2.717193
3.015334
2.858640
3.071557
3.225621
2.921122
3.065005
2.762855
2.738835
3.296098
2.888536
2.937082
2.794614
2.760626
3.144249
2.773728
3.164945
3.067023
2.864778
2.732231
2.727475
2.765662
3.183164
3.203885
2.837268
3.093843
2.779893
3.153589
3.255158
3.211528
3.128779
2.950591
3.120212
3.125367
2.895178
3.284431
3.108841
2.829008
3.086583
2.763818
3.239077
3.280711
3.016520
2.990222
2.725954
2.961995
3.292374
2.770111
2.819534
3.280090
3.283612
2.748767
3.120709
3.042626
2.950616
2.804947
2.996536
3.182352
2.912103
3.243043
2.851427
2.742772
2.815296
2.777400
3.083165
3.155115
2.847560
2.922205
2.712838
3.053929
2.792843
2.879130
2.849755
2.928110
2.807593
3.004069
3.025561
2.917837
2.707497
3.299544
2.841750
3.216862
2.733002
3.134367
2.830545
3.108033
2.765765
2.796908
3.071395
2.987767
3.013559
2.713995
2.739992
3.283066
3.051998
2.927605
3.214274
2.802883
3.171792
3.239288
2.924572
3.074879
2.872946
2.765336
2.882079
2.791237
2.705916
2.738380
3.049098
2.812580
3.061475
3.108240
3.047114
2.714642
3.177831
3.144743
3.239938
3.203061
3.028646
2.803655
2.707407
3.098490
3.113295
2.870085
2.850599
3.173963
3.054772
2.707236
3.132635
2.830863
2.995119
3.018906
2.876987
2.929520
3.082890
2.784370
2.983282
3.038520
3.246117
2.950831
3.238796
3.140103
2.860061
3.273327
2.726810
3.212638
3.187520
2.706911
3.091423
3.038611
2.837334
2.732504
3.064760
2.816732
2.844296
2.780747
3.143513
2.934061
3.086854
3.041902
3.164395
3.143512
3.040950
2.967691
3.052813
2.775398
3.232683
2.808746
2.980853
3.287219
3.180845
2.946138
3.151452
3.056881
3.138194
2.849691
3.267965
2.828160
3.176515
3.124258
2.888711
3.202549
3.008714
2.857090
3.068570
2.878608
3.210791
2.950882
3.127043
2.975061
2.831668
2.811690
2.957637
3.199677
2.872118
2.916580
2.711089
3.256433
2.812103
2.703411
3.214280
3.133414
2.806178
3.118474
3.079421
2.894129
3.058904
2.776141
2.938608
2.986331
3.054819
2.947385
3.223611
3.248398
2.912077
3.056038
2.730958
2.827635
2.812905
2.986527
2.917720
2.974514
3.179367
3.260876
2.925506
3.177411
3.232221
2.885150
3.025705
2.918812
3.018874
3.134831
2.941399
2.863345
2.978002
2.949626
3.063743
2.794587
3.021292
2.837189
3.062586
3.137431
3.157767
3.229167
3.251255
2.924322
2.755666
3.135045
3.190843
2.985808
3.266700
3.039905
2.864197
3.274590
2.913316
3.125537
2.866680
3.109741
2.945639
3.177534
2.815292
3.092945
3.179063
3.125700
2.821179
3.287485
2.843918
2.872381
2.807462
3.268245
2.998201
2.813849
3.062576
3.256303
2.818216
3.272839
3.283228
2.944909
2.834326
3.121255
3.094230
2.834002
2.762438
2.813570
3.113529
2.935376
2.828928
2.738004
2.712288
2.957822
2.863177
3.015296
3.282158
3.089537
3.172225
2.858682
3.104495
3.205025
3.230629
3.259887
2.740471
3.133182
3.185101
3.014616
2.955084
2.950312
2.767053
3.242084
3.069861
2.906086
3.148804
2.820875
3.245393
2.805558
3.047076
2.756301
3.141633
3.215456
2.916281
3.026011
2.751948
3.122848
3.244262
3.216608
2.954495
3.098270
2.739478
2.828588
3.121392
2.961570
2.791497
2.767318
2.793028
3.223518
2.961297
3.217864
2.922589
2.954491
3.089098
3.064180
3.298860
2.823807
3.206905
3.270995
2.834352
2.981411
2.758406
3.091991
2.963162
3.223699
3.171240
3.126660
3.205535
2.987999
3.137188
2.971821
3.134207
2.979865
3.068695
2.784634
2.841231
3.043431
2.857521
2.952549
3.152366
3.255988
2.883636
3.124080
3.069997
3.006764
2.961414
3.166082
3.244565
3.272393
2.789273
2.747878
3.074015
3.248807
3.227378
3.081435
3.211090
2.771300
3.268984
3.290491
2.804604
3.102880
3.081282
3.138711
2.748366
3.011756
3.007911
3.187231
3.087621
2.953756
3.074756
2.839375
2.902658
2.877926
3.054820
3.056377
3.122205
2.824814
3.046635
2.930299
2.744100
3.223711
3.059069
2.748784
3.233209
2.883194
3.066639
2.802452
2.802393
3.127068
3.256577
3.116754
3.018043
2.862369
3.234686
2.979724
3.252998
3.136394
3.094528
2.790900
2.721836
3.200127
2.839750
2.857834
2.810747
2.894857
3.181616
2.941543
2.710147
3.234196
2.861349
3.191477
2.874971
3.215371
2.862640
2.910711
3.126451
3.027511
2.800183
2.815725
3.265822
2.746602
3.006982
3.038317
2.918912
3.149488
3.254831
3.231453
2.919092
2.942378
3.006718
2.790091
2.893672
3.081757
3.157951
3.080662
3.067140
2.726632
2.821587
3.028232
3.169129
3.281980
2.748741
2.944173
3.221023
3.206369
2.956574
2.781737
2.906238
2.733602
2.823518
2.766807
2.800760
2.917198
3.042826
2.754330
2.725003
2.975070
3.048428
2.928207
2.903628
2.810539
3.219110
3.076864
2.800290
2.977257
2.821859
2.839258
2.810110
3.263237
2.862316
3.150111
3.001735
3.249363
2.955536
2.865279
2.739057
3.165429
2.797899
3.077629
2.754679
3.014835
2.964077
3.142616
2.737740
3.034831
2.946224
2.771304
3.093833
2.722164
3.034316
3.186918
2.724798
3.016475
3.114308
3.151881
3.025886
2.714297
3.265293
2.924225
3.092464
3.232046
3.202090
2.926701
2.773652
2.824981
3.257001
3.007535
3.193742
2.738564
3.181145
3.175071
3.027067
2.989093
3.113978
2.919605
3.054047
3.261139
2.949635
3.130118
2.863648
2.833125
2.832688
3.062144
3.140537
3.197242
3.295413
3.084321
3.244231
3.082912
2.828507
2.994932
3.290453
2.759344
2.812167
3.001057
3.242252
2.866613
2.733817
2.989242
2.874789
2.956141
2.996394
2.735034
2.924813
2.755054
2.958941
2.797111
3.200442
2.874725
3.129091
2.974290
2.864749
2.971654
3.269237
2.735895
2.942100
2.915488
3.164208
2.966272
2.709523
2.839067
2.886096
3.081789
3.297697
3.210699
3.124381
3.207708
2.964901
2.744787
2.718067
3.101770
2.701368
2.910531
2.752855
3.044569
3.083183
3.163819
2.854869
2.933348
3.103143
2.948097
3.058027
2.861160
3.031050
3.271058
2.915338
2.967856
2.881899
2.972402
2.894380
2.893028
3.216373
2.767520
2.703876
2.773221
3.029637
3.229824
3.129599
3.233491
2.750332
2.910799
3.142092
2.796413
2.988185
3.111203
2.983267
2.792525
2.916582
3.164398
2.973108
3.032947
2.879050
3.013595
2.921711
2.953395
2.787500
2.762294
2.771498
3.054112
2.945787
2.974938
3.243074
2.849182
2.859949
3.261378
2.766482
2.720312
3.243183
3.178947
2.773992
3.230985
2.983603
2.778809
3.221826
2.997360
2.847462
2.726832
2.972748
3.110076
2.762032
3.196655
3.245363
2.765376
2.905906
3.242814
3.091184
3.197448
3.160183
3.091194
3.291232
3.010000
3.094446
3.276153
2.884045
3.193020
2.802190
3.273299
2.959557
3.230069
3.175939
3.146579
3.251767
2.967297
3.017985
2.873804
3.082801
2.861717
3.235801
2.879371
2.809369
2.841414
2.978723
2.758622
2.923869
3.269693
3.248712
3.055924
2.986400
2.838918
3.032554
3.219726
3.190694
2.854777
3.188484
2.926794
2.828661
2.884461
2.945739
2.790356
2.869573
2.872070
2.999482
2.983698
2.814054
2.751090
3.171251
2.932380
3.225151
3.238150
3.175200
3.149148
2.899947
3.255984
2.994069
2.929359
2.957554
2.871717
2.757400
2.713485
3.042427
2.796460
2.849700
3.019395
2.843254
3.296982
3.131428
3.249942
3.095778
2.704425
2.814128
2.703463
3.007346
3.025513
2.942140
3.120884
3.299223
2.813712
3.238462
2.885376
3.147086
3.133708
3.192803
3.142566
3.208185
3.140418
2.723844
3.039621
2.985975
3.181030
3.007548
2.985282
2.828498
3.207670
3.196467
3.006416
2.728107
2.828916
2.773023
2.721706
3.005775
2.900422
2.864866
2.784411
3.078927
2.811373
3.287474
3.151498
2.730403
2.763989
3.265970
2.711252
3.193959
3.280897
2.845464
2.761717
3.070596
2.855163
3.027530
2.727991
3.058109
2.740646
3.042936
2.978809
3.021617
3.263081
2.893377
3.156335
2.827083
2.728030
2.811550
3.264536
3.012639
3.129292
2.956901
2.803671
2.858567
2.953922
2.811106
2.801936
3.277976
3.237692
3.146811
3.174711
3.045826
3.025088
2.904325
2.921458
2.793766
2.820349
2.767799
2.998653
2.764748
3.008031
2.892795
2.936663
3.114201
2.743364
3.137412
3.240526
2.880601
2.928236
2.756108
3.018631
2.810710
2.889259
3.043132
3.065406
3.181810
3.226777
3.152721
2.706208
2.907798
3.283819
3.248658
2.850208
3.266244
2.893260
2.738107
2.895318
2.833579
2.884899
2.876366
2.738640
2.838859
3.110460
3.094480
3.132881
2.916789
3.140413
3.230520
2.981730
3.204650
3.203385
3.223448
2.969198
2.905094
3.278148
3.047672
2.924092
2.809122
2.794465
3.120468
2.815165
2.884789
2.708020
3.282461
3.011380
3.193989
3.017316
3.074447
3.215991
2.851095
3.147877
2.803448
2.734776
2.751351
2.943761
3.236377
2.800296
2.879764
2.801995
2.968363
2.941382
3.230608
3.293839
3.043231
2.720717
3.004343
2.822004
3.256321
2.734086
2.744002
2.754645
2.978629
3.111442
3.194309
2.847316
3.048133
2.786925
3.051864
3.099991
2.891340
3.128288
3.096446
2.705120
3.155487
3.259536
3.072709
3.015567
3.183666
3.007492
3.075865
2.930751
3.120452
2.926801
3.251846
3.115360
2.720391
3.286498
2.874744
3.145682
2.871508
2.891362
3.256289
2.985782
2.808664
2.789977
2.779671
2.806473
3.277444
3.050064
3.283473
2.950224
3.181439
3.175581
3.013534
3.165061
2.784106
2.914503
2.944600
3.119134
2.870569
2.815179
2.867866
3.210908
2.887211
2.765823
2.701455
3.172591
3.232366
2.882712
3.040707
2.939607
2.820815
2.724188
2.961124
2.716508
3.246490
2.830097
3.176638
3.119406
2.708242
2.980086
2.879343
3.229436
3.233683
3.297149
2.808604
2.854581
2.879447
3.095451
3.286977
2.862869
3.169412
2.754938
2.706110
2.831854
3.106237
3.049284
3.069042
2.813795
2.961796
2.799742
2.718958
3.234846
2.706193
2.906756
3.064258
3.176374
3.093232
3.048293
2.771151
3.009155
2.855554
3.001460
3.156195
2.922723
2.920861
2.851852
2.988663
3.115897
3.289215
2.954794
2.788553
3.166462
2.811313
2.727355
3.034080
3.230620
2.842660
2.800460
2.781477
3.016221
2.885479
2.968537
2.734838
2.786305
3.144556
3.166829
3.160140
3.069154
3.297136
2.871533
3.077317
2.815078
3.251657
3.129845
3.162591
3.205737
2.993995
3.229542
3.078117
3.166212
3.017673
2.711819
3.273016
3.016811
3.078513
2.915638
3.124721
3.026317
2.778909
2.823913
3.226821
2.701704
3.073585
3.291508
2.941175
2.972539
3.225257
3.245631
3.141862
3.093663
2.964528
3.263677
3.182481
2.868008
3.188888
3.090897
3.078667
3.121041
3.027105
2.746176
2.974036
2.767006
2.758241
3.138154
2.944269
3.067597
3.251169
2.722306
3.109126
2.838021
3.236676
3.007374
2.748950
3.278026
2.894874
3.241997
3.231673
2.743762
2.749416
2.881732
3.163513
3.045178
2.726642
3.150527
2.877649
3.001178
2.942787
3.153640
3.213054
2.842465
3.080710
2.919335
2.906619
3.055407
3.156877
3.096351
3.229619
2.746030
3.268225
2.880158
2.803520
2.874032
3.278387
3.218936
3.006316
3.108663
2.934874
2.763615
3.148653
2.700179
2.757879
3.035979
3.292775
3.049576
3.194474
2.808195
2.941353
3.155514
2.742930
2.845192
3.151535
2.894619
2.919806
2.756860
2.953537
2.825104
3.171112
3.121971
3.021864
2.868543
2.963286
2.949068
2.846538
2.974896
2.725449
3.157136
2.873154
2.734143
2.855657
3.176582
2.954410
2.884857
2.903201
3.095380
2.997486
3.020315
3.128306
3.150547
2.910049
2.744871
3.158475
2.878351
2.959381
2.787302
2.755021
3.166266
3.194323
2.711272
2.710590
3.188912
3.149843
3.066043
3.232811
2.849750
3.204740
2.848747
2.839028
3.107885
3.063906
2.872302
2.773081
3.190226
3.207856
3.220291
3.112920
2.784191
3.266151
3.038441
2.841365
3.255094
3.182662
3.057472
2.725316
3.069573
3.084647
2.926704
3.053390
2.919172
2.945846
2.794995
2.705351
3.232950
2.970797
3.254627
2.820844
3.167822
2.793870
3.279632
3.081664
3.043562
3.259451
2.963407
2.879744
3.075430
3.006272
2.719149
3.236321
3.142592
3.134439
2.878256
3.179735
3.270885
2.791619
3.034749
3.066658
2.854432
3.259041
3.171788
2.889001
3.264865
2.962706
2.982637
3.007648
3.094169
3.178127
2.764797
2.706667
2.830033
3.005452
3.054006
3.096431
2.834979
2.786362
3.263362
3.129095
3.229567
2.842514
3.179936
3.268629
2.904490
2.855502
3.015421
2.930886
2.829479
3.039381
2.846140
2.962344
3.218017
2.743552
2.973569
3.191012
3.089148
3.235811
3.038728
3.157382
2.719368
2.755168
3.246437
2.741106
3.064565
2.816850
2.786747
3.000614
3.140040
2.881113
3.212518
3.083968
3.188603
2.997299
2.989828
2.886176
3.094421
3.207959
2.739149
3.153049
2.898750
3.015108
2.882526
2.804132
2.794441
2.791209
3.253919
2.993329
2.879128
3.277274
3.150743
2.796550
2.912470
2.836614
3.248399
3.246405
2.762451
3.029071
3.007540
2.831258
3.011776
2.959673
3.271042
3.196002
2.857808
3.131086
3.087747
3.180913
2.897901
3.199507
3.228633
3.026150
2.942805
2.799078
2.965470
2.931307
2.907163
2.978057
3.268945
2.721394
2.941448
3.261720
3.258210
3.272050
2.765931
3.277270
2.960871
2.722924
3.279582
2.880080
3.168721
2.871776
2.987959
3.139921
2.756401
3.285336
3.159915
3.209560
2.736811
3.002726
2.779507
2.858682
3.033255
2.816036
2.753796
3.247276
3.223398
2.999713
2.851851
2.821364
2.878669
2.865972
3.056678
2.859425
2.898345
3.176789
3.147115
3.037872
2.742240
3.217764
2.935830
3.103847
3.039558
2.872875
3.198162
2.806399
2.761106
3.099960
2.853140
2.771860
3.109231
3.284171
3.226179
3.069360
2.873858
3.267353
3.134337
2.923902
2.960830
2.777030
3.117332
2.979113
3.039495
3.179590
2.818309
3.236977
2.823498
2.890798
2.734058
3.241593
2.981656
2.733811
2.754992
2.907491
3.275115
3.056322
3.011717
3.158179
2.986640
3.254992
2.954664
3.051472
3.281890
3.128616
2.803216
3.027123
3.192504
3.260743
2.881049
2.942856
3.201989
3.091486
3.146417
3.190625
3.103005
2.782632
2.926338
2.746119
3.086644
2.704768
2.877657
2.813767
3.153801
2.899192
3.297692
3.028888
3.243394
2.709849
3.083425
3.083504
3.115284
3.151398
3.066939
2.898272
2.717388
2.967382
2.980973
3.195958
3.192057
3.065126
2.868853
2.752109
3.185317
3.087987
3.260749
3.279077
3.003554
2.982641
2.985505
2.971485
2.878690
2.978967
3.280536
2.863368
3.211749
2.993858
3.243658
3.043470
3.264657
3.230184
3.183918
2.978050
3.281221
2.806788
2.738780
3.162868
3.041580
3.111744
2.854154
3.189640
2.811884
3.223802
2.971506
2.914897
2.821562
3.230071
3.172812
3.021352
3.123597
2.859974
2.901159
2.791474
2.944684
3.291465
3.105055
3.095027
3.033731
2.854806
3.299689
3.131680
2.922439
2.705533
2.818928
3.061731
2.751581
3.151417
2.906850
2.929441
3.229741
2.952557
3.033372
3.203083
2.863562
2.817202
2.962370
3.135928
2.729922
2.948541
2.828942
2.742485
2.917721
3.050028
3.255410
2.922682
2.974602
3.120334
3.296453
3.026702
2.751173
2.808581
3.244678
2.997135
2.893589
3.238864
3.097068
3.136416
3.018135
2.973338
3.044832
3.013803
2.960434
2.906815
2.700367
2.853780
2.786152
3.000547
3.234390
2.947904
2.754012
2.773471
2.730665
3.241040
2.702266
3.265193
2.765884
2.825471
2.718057
3.032447
3.090836
2.955372
2.960048
2.961564
2.778101
3.212637
2.965233
2.951944
3.068105
2.978144
2.941871
3.187641
2.860680
2.993832
2.841633
2.808226
3.100067
3.006909
3.246324
2.908353
3.078151
2.900458
2.759154
3.029109
2.816186
3.167594
3.115757
2.719510
2.934395
3.182273
3.068117
2.974194
2.718665
2.994018
3.271924
2.722778
3.047550
2.878443
3.205564
3.099810
2.879358
2.870222
2.803640
2.776930
3.236563
3.098385
2.787302
2.833474
2.987866
2.865870
2.956803
2.918258
2.729572
3.158543
3.287883
2.843781
3.298910
3.187875
3.181241
3.036331
2.959978
3.154708
3.024569
2.841357
3.104925
2.878255
3.069144
2.756639
2.818619
2.888575
2.803436
2.989188
2.885462
3.166225
3.269798
3.155854
2.861515
2.860365
3.061672
3.021323
2.758797
2.861909
2.726428
2.733433
2.845305
2.983425
3.062316
3.246498
3.271090
3.081299
3.199247
3.074745
3.021403
2.913689
3.022013
3.215943
3.126898
2.893924
3.107814
2.788985
3.078115
2.744268
3.228001
2.771751
3.261889
3.077208
2.895721
2.744893
2.809000
2.738267
3.067417
3.167555
3.136219
2.778223
3.029152
3.107147
2.909344
2.832206
3.202482
3.294338
3.167103
2.900472
2.810433
2.895121
3.113452
3.017479
3.075461
3.205309
3.063806
3.228209
3.082190
2.774577
3.097632
3.047594
2.752941
3.226245
2.969182
3.295710
2.977618
2.851899
3.129365
2.995322
3.061965
2.797989
2.783345
2.761620
2.886232
2.736221
3.252269
3.122722
2.734623
2.714245
3.270126
2.932038
2.919594
3.120632
3.145940
3.128253
2.710609
2.768317
2.767949
3.052681
2.900990
3.279556
2.701029
2.739139
3.201837
2.822256
2.917800
3.072805
2.811565
2.961072
2.724019
3.288545
2.847981
2.891703
2.937525
3.200470
2.922909
3.118950
3.039833
2.730457
2.860996
3.248923
2.762333
2.754227
2.764393
2.931566
2.950820
2.947280
2.874048
3.020434
2.816058
2.863777
3.188041
2.937298
2.990306
3.265103
3.104174
3.288211
2.809102
3.094414
3.174240
3.247324
3.093395
2.721595
3.058657
2.801802
2.949285
3.228312
2.818851
2.795592
3.078930
3.148049
2.892965
3.107112
3.128544
3.142238
2.875472
2.847354
3.053386
3.258695
3.169244
2.908068
2.817385
3.072727
2.774265
2.801311
2.858808
3.267310
2.821421
3.100842
3.206303
3.228692
2.841171
2.930243
3.215892
2.983070
3.208470
3.160571
2.839858
3.022941
3.234766
2.866051
2.935840
3.205272
3.286970
3.238557
3.020474
2.779138
3.089239
2.804636
2.783638
3.148984
2.833917
3.252850
3.128718
2.842066
3.228033
2.734529
3.060533
3.011781
2.754035
3.017105
2.913272
3.100675
2.811529
3.026785
3.062301
3.288587
3.239602
2.779097
2.768562
3.292276
3.042135
3.110976
3.056276
2.807959
3.200842
3.134921
3.235477
2.823497
3.090903
2.793956
3.260717
3.040564
3.141467
3.215571
2.995448
2.745429
2.801438
2.928366
3.076476
2.871705
2.945515
3.000812
3.092112
3.157182
3.226077
2.712144
2.967419
3.110362
3.200357
3.190671
2.843128
2.917912
3.009437
2.889797
2.936579
3.170926
3.265503
2.989201
3.005064
3.129190
3.276927
2.803469
2.961050
3.044282
3.026603
2.828241
3.087866
3.256408
3.127748
2.759262
3.054749
3.215210
2.711273
2.795575
2.969254
3.238138
2.758174
2.865142
3.172125
2.792971
3.191680
2.831286
2.929081
2.780576
3.152526
3.274595
3.181666
3.029326
3.162131
3.092830
2.785754
3.199245
3.221864
3.221992
3.254013
3.219158
2.908197
3.199512
3.186978
2.818910
2.985384
3.266124
2.837437
3.070904
2.974731
2.822004
3.257598
2.961195
2.905031
2.949422
2.702753
3.119391
3.051752
3.190020
2.880922
3.289748
3.092430
3.238773
2.721518
3.170165
3.215365
2.924735
3.031048
3.210816
3.172564
3.292898
2.751244
3.114147
2.835672
3.038359
3.178729
2.802614
2.894759
3.048876
3.143161
3.240970
2.893887
3.299482
2.910890
2.865892
2.801323
3.253122
3.246484
2.899085
3.003327
3.166417
3.242435
3.088506
3.100052
3.179820
3.258927
3.056712
2.879542
2.835272
2.854884
2.804383
2.986901
3.167611
3.196974
2.955941
2.946845
3.134099
2.983304
2.861956
3.192441
2.972290
2.926918
2.751191
3.191376
2.845841
3.295587
2.746319
3.038779
3.232492
2.941077
3.216696
2.782821
2.727692
2.702073
2.737670
3.213412
3.084330
2.821799
2.806677
2.967081
2.914309
2.851892
2.846827
3.116498
3.006304
3.298125
2.837199
3.138119
2.864933
3.119143
3.212011
2.874487
3.037836
2.907451
3.035033
2.991285
2.805247
2.709924
2.826364
2.995685
2.926475
2.728080
3.274415
2.908094
3.275736
2.777684
2.960839
2.851901
3.233092
2.711283
2.841327
2.778131
3.187292
3.059031
3.064854
3.150292
3.207491
2.958295
2.729296
3.252520
2.746812
3.021056
2.920431
2.823689
3.296999
3.208935
3.221973
2.720318
2.714795
2.847546
3.031668
3.130595
2.958433
3.117326
2.705793
3.164804
3.070760
3.082445
2.780494
3.173828
2.720992
2.906016
2.825444
2.922227
2.770253
2.992578
3.157055
3.271584
2.916536
3.204437
2.951049
2.743544
2.967434
2.903709
2.868166
3.033065
2.957076
3.010570
3.160534
2.706126
2.859329
3.254222
2.975092
3.212316
2.999133
2.821127
3.283595
2.958995
2.933915
3.219005
3.116250
2.785611
3.056685
2.762046
3.227799
2.897849
3.277628
3.057927
3.032943
3.105139
3.096067
3.146516
2.788804
3.118663
2.996811
2.850353
2.879140
3.080199
2.741733
3.073569
3.088137
3.058465
2.918922
2.944274
3.126232
2.878167
3.135537
3.280460
3.272998
2.783498
2.779658
2.757537
3.038107
3.044439
3.183047
2.936990
2.813940
2.950668
2.807181
2.911599
3.001900
2.866966
2.791062
3.069572
2.937426
2.959024
2.761244
2.954375
2.957796
3.207649
3.160601
3.169818
2.901553
2.790727
2.985321
3.092520
2.921552
2.828072
3.284397
2.962079
3.285291
3.062344
2.798853
3.101464
2.828836
2.865358
2.730180
2.912872
3.220201
2.706620
3.208834
3.122949
2.843942
3.012026
3.237062
2.893700
3.113704
2.780055
3.037752
2.964738
2.766425
3.083120
2.927458
2.865851
2.813364
2.783409
2.743179
2.922588
2.740595
2.827256
3.021872
2.838897
3.137978
3.053405
3.111548
2.841700
2.701907
3.023214
2.960022
3.158896
3.087298
2.761076
3.025368
3.237161
3.219857
2.927474
3.136313
2.729807
3.250061
3.199738
3.215632
3.243165
2.722005
3.258026
2.997598
3.183728
3.110849
3.189608
2.860269
2.715116
2.857289
2.902767
3.115900
2.765252
2.941469
2.724846
3.085797
3.027569
2.709141
2.834934
2.771631
2.805794
2.700170
3.060846
3.123831
3.083487
3.023634
2.775509
3.181752
2.929227
3.193092
3.113504
2.936327
3.248492
3.220188
2.819518
3.275256
2.943518
3.225464
3.058731
2.801625
3.091430
2.736416
3.285488
3.241844
2.780972
2.877671
3.102895
2.889255
3.055595
3.049482
3.067830
3.208904
3.133141
2.881129
3.212082
2.953551
3.107582
2.998717
3.077560
2.883146
2.992518
3.298615
3.261120
3.034159
3.234970
3.140280
3.059612
3.039997
2.944215
3.021358
3.122030
2.814084
2.975903
2.892090
3.188339
2.971322
3.035493
3.076444
2.883411
2.705499
3.147691
2.822168
3.163942
3.042127
2.747354
2.996447
2.889670
3.084307
3.183833
2.995498
3.014434
3.126421
2.858842
2.745179
2.727281
2.783514
2.758726
3.259012
3.190209
3.195132
3.274148
2.773784
2.916440
3.169573
2.779000
2.987018
3.118322
3.145026
3.201766
3.273338
2.955879
2.889078
3.041111
3.112820
2.971888
2.944741
2.917126
2.729222
2.717086
2.897120
3.041440
3.172078
2.825295
3.257309
3.295898
3.290547
3.166911
3.174582
2.913450
2.943211
2.729351
2.820062
2.898428
2.819109
3.260420
3.195447
2.973638
2.927405
3.098680
3.124473
3.097193
2.713984
3.066116
3.144297
3.082030
2.916676
3.276401
3.008187
3.023900
3.032580
2.765626
2.813366
3.061537
3.113866
2.770135
3.264841
2.979437
3.006518
3.038854
3.005873
2.815517
2.744184
3.267828
2.827309
3.253418
2.942415
3.061834
3.097725
2.756887
2.711282
3.239539
2.702116
2.746324
2.760258
3.022845
2.888582
2.857762
2.974318
3.247418
2.792290
2.823471
3.003457
3.054845
2.804615
2.767383
3.053291
2.871176
2.860065
3.053298
2.843802
2.712831
2.727574
3.092863
3.052344
3.219915
3.019615
3.000151
2.862567
3.117426
3.122987
2.824806
3.083156
2.801471
2.880757
3.212356
3.229141
2.733899
2.778934
2.822782
2.988472
2.977415
2.929742
3.046028
2.850599
2.724938
2.975447
2.923221
3.113107
3.199751
3.116577
3.073454
3.215017
3.013061
3.194399
3.099222
2.885673
2.805762
2.822693
3.029729
3.001084
2.986365
3.151939
3.067619
2.700570
3.048492
2.738705
2.940267
3.134010
2.966667
3.095062
3.202944
2.886432
3.240734
2.789886
2.936536
3.166491
3.165064
3.229347
2.866184
2.820581
2.920367
3.245029
3.283046
2.871835
2.759334
3.105359
3.294569
3.284072
2.784220
3.107877
2.801111
2.798566
3.020700
3.045013
2.782350
3.215008
2.773380
2.960243
2.968922
3.182474
3.174230
2.900326
3.189424
2.876594
3.242371
3.067543
3.118554
3.204057
2.891558
3.201352
3.266832
3.251997
3.228119
2.846715
2.913999
3.027978
2.815681
2.907030
2.892171
3.032656
2.734459
3.286941
3.255415
2.865341
3.170130
2.797248
2.923312
2.943930
3.156887
3.189981
3.239585
3.050591
2.817067
3.181237
3.161142
3.074634
3.010465
3.037017
2.771943
3.143036
2.871572
2.779174
2.809924
2.816448
3.088632
3.065959
2.751238
3.054592
3.226769
2.893338
2.819180
2.812786
2.871417
2.711063
2.879338
3.015597
3.107238
2.905431
2.988740
2.845176
2.899823
2.775978
2.718251
2.757140
2.868136
3.256784
2.728985
3.273165
2.807078
2.925482
2.928556
3.043887
2.876353
3.054499
2.995407
3.085049
2.988791
2.971296
3.067078
2.961163
2.931631
2.913168
2.909520
2.857740
2.772734
3.094012
2.802116
3.131202
2.724637
2.880358
2.960852
3.256209
3.130832
3.055730
3.228211
3.112030
3.128290
2.721879
3.160909
3.169316
2.944233
3.147882
3.095019
2.877207
3.100417
2.725992
3.126764
2.865020
3.073206
2.955657
3.295635
2.899982
2.862481
2.915566
3.214533
2.750508
3.126998
3.044195
2.876791
3.148497
3.014956
3.054206
2.896753
2.871628
2.986454
3.246131
3.155079
2.814321
2.721733
2.744813
2.743488
3.026586
3.185948
2.781354
2.992551
3.237959
3.143616
3.232571
2.909264
3.166213
2.950351
3.210571
3.275361
2.840534
3.103630
3.119685
2.726911
3.288133
2.814616
3.012316
2.987298
3.063989
3.160655
2.975272
2.907886
3.153316
2.848047
2.781314
2.705986
3.045510
2.792913
3.153777
3.296743
3.043372
3.232042
2.853246
2.974013
3.131506
3.109880
3.065555
2.740349
3.023897
2.973823
3.277511
2.851636
3.001409
3.091427
2.843269
2.788413
2.786403
2.909114
2.955412
2.940725
3.047549
3.182320
3.054424
3.115005
2.794750
2.907230
2.907736
3.229047
3.097441
3.047526
2.802117
2.738009
3.203602
2.972769
2.876155
3.066851
2.731434
2.796425
2.888019
2.845167
3.227785
3.220800
2.978828
2.773946
3.135140
3.284789
2.758583
2.940768
3.196091
3.208853
3.230135
3.187013
2.936767
3.283409
2.853857
2.762134
2.799629
3.009913
2.945438
2.724389
2.789029
2.931556
3.047066
3.044247
2.740751
3.234453
3.183506
2.978733
3.051869
3.117791
3.052872
3.000018
3.067998
3.026374
3.260687
3.042802
3.280156
2.832560
3.056561
3.177212
3.006239
2.770859
3.002271
2.784156
3.020754
2.837908
3.033554
2.774624
2.952602
2.977124
2.757618
3.273545
2.826998
3.160115
2.797619
3.176744
3.106023
3.140302
2.957788
3.156593
2.893554
2.967093
2.727886
3.045147
2.723385
2.868444
3.296691
2.989168
2.805723
3.115234
3.155249
2.980218
3.265268
3.276153
2.714414
2.831012
3.292329
2.760018
2.812964
3.104159
2.901124
2.886759
3.085301
2.751516
2.835957
3.186297
3.135086
2.846988
2.831186
2.846243
3.196650
3.097811
3.244258
3.050985
2.730017
3.274675
3.020287
2.918293
2.968712
2.972930
3.240298
2.849812
3.118053
2.833797
2.701751
3.092923
3.145425
2.866202
2.883457
2.971666
2.723484
2.848698
2.964529
2.774204
3.253855
3.107327
3.116155
3.123645
2.773824
2.815879
2.833836
3.109380
2.964354
3.073898
3.252046
2.870735
3.270861
3.227668
3.184413
2.988773
3.191338
3.222450
3.097229
3.056563
2.831062
2.863720
3.002200
2.728759
3.042463
3.151401
2.817244
2.878144
3.021653
3.094794
2.933432
2.738288
3.265136
2.813043
2.903437
2.701324
3.270887
3.092042
2.937023
3.074016
2.923471
3.213087
2.992364
3.191256
3.264043
3.007996
3.009302
2.934512
2.714325
2.858098
2.766681
2.927505
3.277083
2.969540
3.198248
2.887697
2.908732
3.062445
3.207598
3.259958
3.132254
3.276202
2.735762
2.774742
2.820575
2.760248
2.739938
2.760575
2.701693
2.842084
2.917160
2.990786
2.899659
3.165810
3.077371
2.829090
2.888919
2.962508
2.898636
2.858743
2.849876
2.890169
3.114919
2.944220
3.200257
2.996226
3.169041
3.010781
3.195713
3.195029
2.932944
3.218658
2.752580
2.880862
3.128420
2.838358
2.893957
2.982639
3.059955
3.226116
2.789171
2.797019
2.753150
2.738810
3.162945
2.705504
2.712461
3.180348
2.722503
2.839748
3.297098
2.889881
2.972519
2.869317
3.269638
3.016933
3.034754
2.977559
3.291252
2.991785
3.038540
3.218567
3.137093
2.861276
2.801371
3.063297
3.028474
3.024691
3.084857
2.864217
3.077825
3.177657
2.758655
3.083050
3.041676
2.809282
2.726380
2.848819
3.054541
3.189473
3.059895
3.208018
3.149708
2.706700
2.828950
3.214737
3.036017
3.074063
3.146667
3.276144
2.930329
2.750447
3.205978
3.032731
2.966370
2.734312
2.723302
2.706568
3.036400
3.014597
3.298568
2.928565
3.063704
2.960909
3.216570
2.827066
3.251382
3.118691
2.818862
2.735237
3.152859
2.922929
3.132035
2.823453
2.737367
2.733607
3.079635
2.826601
2.851120
3.076081
2.863583
2.838844
2.736351
3.000200
3.288431
3.224876
3.051468
3.129670
2.907381
2.954145
2.914416
2.730955
3.132746
3.059291
2.711000
3.146982
3.296754
2.878726
3.213982
2.756470
3.168360
2.929232
3.198850
2.965300
3.166243
2.758569
3.130567
3.055950
3.133953
2.945320
3.180824
2.996133
2.793846
3.027248
3.084400
3.195782
2.949709
3.259030
3.166501
2.751085
2.800998
3.090394
3.245444
3.280874
2.973124
2.849569
3.222143
3.102290
3.290575
3.074630
2.976341
3.208757
2.830831
3.193974
2.943487
3.071819
3.069956
2.890253
3.091081
2.815112
2.874519
3.250467
3.199559
2.949705
3.271617
2.871451
2.937426
2.832167
3.105851
2.900591
3.043326
2.959766
3.123006
3.201821
3.135087
2.844471
2.828986
2.743572
3.037288
2.984895
3.004750
2.770583
3.113438
3.276660
3.218552
2.723914
2.803221
3.209714
3.283009
2.792316
2.897675
3.062389
2.809029
2.858532
2.815382
3.014793
3.084823
2.951313
2.869891
2.742845
3.080859
3.117725
3.208670
2.762000
2.758605
2.737702
3.201237
3.051610
2.832870
3.056377
3.189123
3.116937
2.718073
2.805178
2.954402
2.740574
3.120295
2.764682
3.095166
2.868870
2.958843
3.111583
2.782030
3.221123
3.241300
2.964677
3.071023
2.790553
2.788876
2.832620
2.863335
2.908332
3.263101
3.063204
3.165722
2.975476
2.719917
2.807264
2.947229
2.938105
2.973605
2.700980
3.223796
3.258361
2.961534
3.265160
2.798536
2.703447
3.269826
2.837653
3.218473
2.885788
2.735864
2.851227
3.009389
3.261831
3.035649
3.273235
2.922439
3.244890
2.833764
2.714994
3.013736
2.858909
2.796856
2.915267
2.714757
3.227432
3.289965
2.936012
3.254618
3.118267
2.968263
2.994822
2.801024
2.821467
2.801659
2.985625
2.829364
3.028801
2.912966
2.768750
2.876036
2.933702
2.705148
2.704683
2.976523
2.762664
2.862161
2.724748
2.987122
3.087456
3.289333
3.083362
3.027942
2.880808
2.928581
3.164184
3.110423
3.256532
3.035255
3.143066
3.146482
2.945806
3.082333
2.784139
3.006869
3.078669
2.917076
3.150215
3.211691
2.726024
3.032454
3.179842
2.737519
3.152922
3.074883
2.882124
3.201233
2.738481
3.079904
3.161615
2.997212
3.219436
2.942599
3.074234
3.046609
2.943417
2.720298
3.010477
2.855703
3.277824
3.117703
3.179673
2.731942
2.730834
2.938206
3.230654
3.010397
2.855822
3.220040
2.753220
2.938956
3.145291
2.952873
2.708918
3.168972
3.158746
3.069331
2.951757
3.079204
3.242527
2.886898
2.729571
2.950000
2.890640
2.820087
3.017868
3.122254
2.914737
2.768249
3.250499
3.193906
3.113738
3.053317
2.761490
2.901458
2.882990
3.158925
2.827993
2.743102
2.708113
3.081260
3.179266
3.268659
3.115782
2.752605
3.096278
2.764627
2.800989
2.876589
2.844885
3.246888
3.045560
2.778297
2.805576
3.266353
3.276947
3.111976
2.937715
2.956899
2.962390
2.996686
2.707243
3.132337
3.280362
3.139223
2.926687
2.893801
3.048941
2.715700
3.185560
3.178049
2.880254
3.103598
2.746888
2.917713
3.277935
3.144166
3.143995
2.811829
2.776769
2.764243
3.285216
3.252480
3.219771
2.939636
3.163196
3.144299
2.824233
2.921480
3.161596
3.094956
2.702616
3.021600
3.297808
2.886937
3.143079
2.760627
2.889377
3.034801
3.046600
2.964477
3.245192
3.028713
3.155064
3.154823
3.009336
3.220469
2.888177
3.288884
2.948695
3.024050
2.926434
3.149697
3.041466
3.275008
2.992430
3.188145
3.195492
2.727904
2.767985
3.084696
2.751138
2.963855
2.758460
2.856395
3.251113
3.109544
2.951945
3.130482
2.984531
3.270221
3.237270
2.814192
3.215162
2.902569
3.174972
3.031901
2.748156
3.134072
2.709736
2.703396
2.921499
2.967228
2.889988
3.078293
3.013424
3.035977
2.953445
2.878474
2.838632
2.917954
3.074480
3.039488
2.714185
3.070143
3.131915
3.022817
3.250001
2.855242
2.973683
3.030338
3.271629
3.244020
2.929096
2.722457
3.222598
3.213463
3.065733
3.069628
3.141843
3.267250
3.293545
3.006735
3.055217
2.996613
2.814116
3.168075
2.893946
2.780140
2.902765
3.075244
2.755155
2.925420
3.022727
3.184254
2.896092
3.083262
2.841657
2.944865
3.116683
3.229578
3.072008
3.179006
2.727735
2.907381
2.754576
3.297900
3.040124
3.194913
2.908359
3.136297
3.246031
2.801871
2.983083
3.062529
2.857365
2.749690
2.960682
2.955600
3.234261
2.852527
3.288032
3.281559
3.288262
3.096774
3.264838
2.865851
3.048990
3.230599
3.239259
3.007255
2.813833
2.781635
2.960907
2.932397
2.760890
2.938717
2.762189
2.960205
2.958619
2.884341
2.806376
3.036897
3.023412
2.768589
2.838999
2.760451
3.277267
2.855345
2.948860
2.865718
3.071574
3.234359
2.946468
2.881224
2.903911
3.156375
2.917788
2.815287
2.728923
2.952091
3.257906
2.929099
3.225572
2.834631
2.976730
3.071551
3.293866
2.985405
3.087809
2.836444
2.859001
3.210993
3.136374
2.904815
3.184239
3.235182
3.284155
3.197193
2.997310
2.964814
3.299008
3.004666
2.942329
2.889265
3.023775
2.925066
2.722813
2.980347
3.048723
3.045195
3.279497
3.292138
3.102246
3.246912
2.912486
2.954130
3.108975
3.279313
3.031019
2.928765
2.802179
3.291552
3.010914
2.983043
3.101174
3.188505
2.962096
2.738889
2.964373
3.077777
3.275103
3.091697
3.246401
3.022457
3.090433
3.110832
3.116579
2.908662
3.126988
3.010598
2.809857
2.967342
3.154182
2.866419
2.974258
2.759005
3.122387
2.703150
2.718242
2.841881
3.051122
3.281328
2.811985
3.152457
2.807347
3.089075
3.299820
2.750265
3.295218
3.285645
2.838250
3.288051
3.178851
3.276955
3.168011
2.832038
3.114502
3.289595
2.740077
3.014228
3.012156
3.254679
2.705298
2.944174
2.732535
2.975150
3.086214
3.020156
2.869392
3.049071
3.161010
2.996895
3.072455
2.761424
2.749753
3.199198
3.167052
2.953445
3.126319
3.259792
2.933690
2.994828
3.040478
3.050794
3.248469
3.064068
3.109049
3.120577
2.925626
2.772230
3.132253
2.785555
3.160629
2.727201
3.039764
3.277187
2.865784
3.121385
2.730663
3.023722
2.849851
3.252348
3.069786
2.857395
2.926682
2.936144
2.950844
3.166955
2.955347
3.102203
2.742220
2.905232
2.990607
3.131108
2.773615
2.879029
2.758452
3.077515
2.874168
3.029990
2.830588
2.881114
2.805965
2.771466
3.101508
3.211843
3.104825
3.153048
2.826115
3.178918
3.213860
2.916911
2.887440
2.895405
3.057912
3.234404
3.054625
2.760583
2.954281
2.993076
3.225883
3.140170
2.949630
2.809887
3.008142
3.148862
3.278434
3.285660
3.145802
3.116459
3.265852
2.995955
2.800937
3.194430
2.765026
2.863530
3.182852
3.227933
3.278388
2.909046
2.803604
3.110247
2.710472
3.094831
2.991302
2.844863
3.193878
2.819130
3.076829
3.281289
2.949512
2.844861
2.911073
2.943521
3.287261
3.137557
2.838253
2.718558
2.917153
3.257158
2.944734
3.222920
2.717718
3.046950
2.744770
2.992845
2.759623
2.851101
2.874326
2.774575
2.816347
3.260989
3.190760
2.707696
3.169649
3.107777
3.118086
2.966194
2.730359
3.107134
2.987327
3.289297
3.261501
3.288282
3.079722
3.002220
3.259404
2.916462
3.013974
3.284876
2.840751
3.286051
3.050257
2.810973
3.183908
2.885734
2.915049
2.706511
3.286230
3.089186
3.087711
3.110643
3.221654
2.853185
2.847881
2.794831
2.722883
3.045788
3.171026
2.891237
3.292197
2.832413
3.065896
3.261595
2.882316
3.221538
3.199185
3.078792
3.054822
3.220929
3.133079
2.986932
2.959378
3.034270
2.755306
2.785708
3.232396
3.131106
2.762689
3.258561
3.164526
2.769499
3.242186
3.212054
2.912304
2.884054
2.818522
3.275823
3.172839
3.116180
2.844608
2.867042
3.295148
2.719114
3.124173
2.720807
2.731747
3.172047
3.004628
2.939986
2.818508
3.277079
2.822001
3.214822
3.241215
3.190179
3.183155
2.824206
2.802134
3.225304
3.222134
3.131872
2.727642
2.974641
3.190441
2.987353
2.787713
2.930851
2.895123
3.071184
3.164537
2.893000
2.855306
2.872951
3.032726
3.185572
3.278532
2.897931
2.902698
3.285163
3.031191
3.286520
3.250124
2.793074
2.954724
2.976325
3.054405
2.955596
3.159459
3.147662
3.023013
2.933268
3.256451
2.769674
3.140021
3.091033
2.762059
3.236148
2.998504
2.963213
3.053629
3.003493
2.891134
2.767124
2.789722
3.271639
3.253373
3.158776
3.273041
2.764599
2.891508
2.928993
3.128235
3.067428
2.788218
2.797505
3.012420
3.241031
2.861094
2.929992
2.893888
2.891730
3.092717
2.979273
2.948835
2.724656
2.870701
3.275761
3.088458
2.992334
2.976341
2.972048
3.080335
3.157549
3.053761
3.009459
3.133787
2.834759
2.719631
2.864626
3.134675
2.920966
2.827294
2.822273
3.296520
2.826326
3.217635
3.237305
2.880331
2.884892
3.298300
2.735325
3.234298
2.733713
3.162489
3.143776
3.207779
3.080888
3.014589
2.741232
2.952275
3.209923
3.108823
3.049508
2.977985
3.011971
2.961844
2.706064
3.263871
3.261532
2.742775
3.174784
3.207586
3.187300
2.836509
2.978476
2.701574
2.932229
2.754797
3.021639
2.746739
3.082592
2.945882
2.990004
3.086884
2.948093
3.178841
2.882490
2.945111
3.144006
2.705363
2.792510
3.155394
3.288867
2.718482
2.792561
3.233558
3.047394
2.833903
3.068299
2.824497
2.892206
2.976401
2.907803
2.810597
3.122494
3.155826
2.755445
2.770485
2.933980
2.807285
2.730748
3.127843
2.737034
2.952209
3.107128
2.959339
2.788479
2.727542
2.707209
3.100066
3.266071
2.779011
3.081549
3.290495
2.963809
2.992338
3.270152
3.282621
3.041084
3.247735
3.003721
3.212299
2.765801
2.837123
3.195494
3.253883
2.833198
3.090888
2.905694
3.215332
3.236386
3.100418
2.929679
3.243245
3.064623
2.746190
3.086516
2.942663
2.753760
3.187740
3.077447
2.892580
2.947109
2.744298
3.272265
2.722222
2.710486
2.783416
2.784352
2.806954
2.774651
2.946813
3.004351
2.705270
2.994601
3.039644
3.056782
2.879827
3.094817
2.860132
3.290483
2.985999
2.998577
2.965911
3.050576
2.952442
3.279205
2.762835
3.105227
2.852832
2.983705
2.800641
3.241770
2.880046
3.103857
2.842309
2.818928
2.795261
3.097935
3.134723
3.134221
3.292520
3.157869
3.286595
3.001221
3.007827
3.159162
2.916822
3.209921
3.152706
2.984047
3.047605
3.264427
2.762304
2.741840
2.941086
2.865184
2.940692
3.013745
3.124227
2.906408
3.201491
2.990166
2.858143
3.025089
2.926685
3.021070
2.868807
3.172283
2.872427
2.975779
2.971971
3.048869
2.761078
2.975323
3.137293
2.999281
2.747937
3.135430
3.013898
2.897154
2.701809
2.813872
3.157163
3.251648
3.055719
2.988847
2.999427
3.101700
3.120420
3.169100
2.754224
2.978787
3.145252
2.968502
2.774248
3.040626
3.299752
3.062955
2.898863
2.992945
2.943361
3.004316
2.939729
2.733785
2.723102
2.725899
3.069284
3.181719
2.864024
2.868297
2.760511
3.079160
3.279987
3.194035
2.736732
2.710079
3.007237
2.890539
2.767816
3.288580
2.794384
2.960180
2.874722
2.999788
2.976364
2.993767
3.220803
2.901912
3.117314
2.823192
2.929928
2.956485
3.170690
2.825177
3.236296
2.782611
3.002016
3.268497
3.007547
2.780907
2.775104
2.801664
3.268062
3.093997
3.169271
2.888425
3.105270
2.807672
2.826991
2.852985
3.164237
2.939227
3.051639
3.033814
2.886382
2.812250
3.219703
2.850913
2.872333
2.915467
3.260805
3.121601
2.749101
2.816697
2.701170
2.747738
3.049720
3.094167
3.230915
3.274141
3.188227
2.766607
3.285931
2.993434
3.092521
2.728343
3.003445
2.940449
2.963252
3.259041
3.268770
2.820840
3.076939
3.227458
3.196149
2.965229
2.786272
3.138670
3.257333
2.878661
3.086952
2.810160
3.183991
3.219681
3.210199
3.062408
3.037336
2.743204
2.902269
2.832161
3.159819
3.019368
3.000517
3.112064
3.084934
3.262853
2.862603
3.033809
3.004960
3.045347
2.969964
2.720737
2.920701
3.261268
2.881479
3.131082
2.994633
2.798490
2.963861
2.783927
3.174247
3.056872
2.817179
2.705678
3.297625
2.910459
3.244596
3.140239
3.050481
3.153794
2.949111
3.040642
2.756759
2.990453
3.058974
2.741621
3.037548
3.054313
2.857408
2.842909
3.031207
2.758096
3.272077
3.214422
2.850920
3.193546
3.171403
3.166057
3.113177
2.752032
2.878258
3.134521
2.784943
2.793889
3.018426
2.902495
2.748379
2.869656
3.044342
2.963634
2.712306
2.970553
2.809932
2.763828
2.972857
2.914084
3.267732
3.070918
3.145893
2.893559
2.733660
3.105350
2.723725
3.149698
2.832878
2.944089
2.781210
2.876370
2.763065
2.807617
2.771255
3.106665
3.283607
3.063721
3.125560
3.117503
2.742662
2.800002
3.020015
2.848811
3.044520
3.140281
3.233136
3.233259
2.916458
3.272526
2.890618
2.912167
2.961562
2.715271
2.738506
2.821176
3.062468
2.883307
3.293051
3.158876
3.004316
2.863301
2.942059
3.016612
2.834725
3.002866
2.991854
3.229973
2.787623
3.119189
2.886877
2.937065
3.223481
3.142095
3.231973
2.824820
2.857662
2.739150
3.266473
2.802795
3.170812
2.788205
3.205331
3.223804
2.859711
2.802346
2.908921
2.918061
2.905899
3.168379
3.011982
2.729168
3.115503
3.081666
3.260449
3.169542
3.293693
3.163998
2.779233
2.859339
3.281072
3.009154
3.286432
2.949424
2.842663
3.259067
2.948843
3.047621
2.901453
3.046797
2.840306
3.169570
3.076948
2.723354
3.145445
3.279302
2.801589
3.231120
2.898785
3.048846
2.735133
2.782064
3.288998
2.842241
3.143055
2.903224
2.978880
2.841330
3.268485
2.993669
3.007474
2.899509
3.263871
2.932402
3.134509
2.717706
3.188179
2.910516
3.038919
3.227023
3.098801
2.928674
2.733732
2.881201
3.119322
2.728711
2.969583
2.777347
2.857834
2.966611
3.258877
2.966004
3.214703
3.116696
2.838134
2.791907
2.928834
3.069126
2.959615
3.197100
3.129067
2.912840
3.081384
2.949686
3.106449
3.066959
3.242356
2.800284
3.101396
2.836760
3.004237
3.062157
2.878262
3.221629
2.820639
3.271072
3.233332
3.211717
2.844100
2.726773
3.149133
3.134909
3.106888
3.118117
3.183194
2.939265
3.061072
2.890446
2.990528
2.920417
3.074312
3.045006
2.758152
2.785996
3.019228
2.937178
3.268153
2.855317
3.171760
2.738250
2.956881
2.848831
2.861037
3.026211
3.228754
3.101298
3.199867
3.098521
3.136950
3.013921
2.706517
3.263620
2.724261
2.891916
2.789955
3.287179
2.962740
2.870909
3.148212
3.186747
2.713964
3.078518
2.929741
2.900772
2.967398
2.914683
3.169049
2.913083
3.017813
2.704327
2.919951
2.728631
3.254904
2.931292
3.272742
2.818628
3.040998
2.994223
2.777204
2.929368
3.166746
3.153647
3.165998
2.996783
3.245915
2.888965
3.225911
3.234452
3.159200
2.894522
2.734006
3.230621
2.841575
2.761916
2.771923
2.732352
3.020789
3.023493
2.793333
2.944423
3.241597
3.207926
2.958951
2.987494
2.776361
3.055988
3.042824
3.216131
3.203368
2.757584
2.881440
3.283128
3.218621
2.991606
2.901295
3.212751
3.237402
2.780913
3.150260
2.747778
3.085988
3.065191
2.873108
2.922771
2.905799
3.105034
2.897210
3.127573
3.122592
3.040670
3.054053
2.876500
3.079965
2.855001
3.280796
2.930283
2.743524
2.830396
3.208875
2.874994
3.027446
2.784356
2.731723
2.806247
3.072418
2.750364
2.821490
2.764375
2.989268
3.163212
3.177864
2.866717
2.881996
2.874516
2.811566
2.701646
3.246862
2.970981
3.161040
3.023348
3.169800
3.090436
2.851554
3.160625
3.029095
2.802323
2.965375
3.241345
3.189040
2.977042
3.176280
3.130467
2.863087
3.156945
3.284075
2.844984
2.849852
2.773890
2.887549
2.788210
2.838992
2.792964
3.141808
3.226837
3.068361
3.241798
3.158550
3.053016
2.887650
2.943574
3.111957
2.834952
2.901399
2.836202
2.724642
2.786991
2.753905
2.953150
3.164921
3.221701
3.008882
3.147300
3.290431
2.897977
3.263464
2.883148
3.289655
3.139118
2.919361
2.790574
3.210658
3.032811
3.217197
2.910456
3.171969
2.840097
2.881970
3.118780
3.250765
2.806570
2.753887
2.802289
2.974168
3.059900
3.208128
3.143796
2.754397
3.277825
2.781382
3.010205
2.826625
3.154974
2.803894
2.978704
2.975826
2.711575
3.297798
2.853686
3.027513
3.005012
2.747434
3.000606
3.134499
3.299016
2.970574
3.119087
3.151465
3.274329
2.759387
2.864969
3.224747
2.886519
2.706286
3.089496
3.186675
3.018877
3.063244
3.005250
2.996602
2.758156
3.081140
3.079210
2.783396
2.909447
3.285553
3.024620
2.876567
3.066491
3.096281
2.797691
3.103802
3.266023
3.287954
2.900285
3.019077
3.010576
3.276533
2.849030
3.190863
3.164793
2.893117
2.983030
2.922428
3.200386
3.035201
3.163590
2.732160
3.264859
2.997010
2.950386
3.283102
3.260156
2.920918
3.273903
3.100397
2.978905
3.288704
2.977159
2.964527
3.004906
3.114169
2.964718
2.892878
3.284347
3.031044
3.166507
2.884075
3.201012
3.050864
3.171549
3.258913
2.844455
2.813442
3.217989
2.998128
3.226238
2.748704
3.194626
3.002098
3.290526
2.727670
3.286360
2.780421
3.150403
2.846290
3.223545
3.281215
3.032014
2.915741
2.873828
2.829347
2.825275
3.141133
3.023682
3.072054
2.843738
3.101778
2.934212
3.058195
2.884571
2.852053
2.968820
3.088228
3.299702
3.269603
3.007656
3.121159
3.252506
3.222105
2.849671
3.132038
2.781069
2.874665
3.093175
3.228513
3.054589
2.812105
3.134647
2.842532
3.056783
3.093821
3.279505
2.770601
3.243202
2.942183
3.113927
3.075493
3.167421
3.209644
2.842718
3.062579
3.058599
3.157652
3.134562
3.102781
3.093677
3.149401
2.734427
2.704380
2.930487
2.848909
3.190249
3.043031
2.978375
3.063463
3.172438
3.038079
2.986428
2.864023
2.975657
3.111962
2.826608
3.151941
3.295139
2.883391
2.975071
2.776557
2.918944
3.233096
3.015318
3.263138
2.897754
3.104104
3.274906
2.960095
2.979161
3.222222
2.794541
2.933699
2.993332
2.869243
3.119801
3.048926
3.185023
2.940801
3.102626
2.742724
3.149437
2.719798
2.738129
3.072678
2.907576
3.103634
3.071503
3.048795
3.126178
2.808612
2.745663
2.837289
3.174152
2.731536
3.005345
2.868252
2.863932
2.867237
2.834847
3.172878
3.051548
3.067086
2.709979
2.803482
3.271528
3.008070
3.222882
2.795548
3.087608
3.052848
3.078582
3.117660
2.842493
3.214132
2.794440
3.027173
3.088961
2.960397
3.064597
3.152392
2.864094
2.874956
2.841300
2.941423
3.256615
2.780260
2.859660
2.805292
3.021757
3.026921
2.890604
2.959978
3.016410
3.144569
2.830029
3.187476
2.920477
3.227094
2.892197
3.236389
2.831137
3.011411
3.179385
2.999291
2.732681
2.716660
2.799662
2.907219
3.069612
3.091135
2.794944
3.239290
2.789514
3.074220
2.790405
3.038137
2.758620
3.160286
2.842633
3.002385
2.894503
2.710401
2.846221
3.297424
2.765485
2.988000
3.086302
3.296583
2.967913
3.238449
2.977001
2.922937
2.991206
2.966635
2.966474
3.211351
2.722150
3.047872
3.217456
2.999363
3.120288
2.965708
3.176704
2.918908
2.814788
3.181699
3.221617
3.232983
2.849385
2.808133
2.762360
3.274695
2.942827
3.136247
2.974670
2.796822
3.136285
3.294228
3.221609
2.821549
3.188945
2.990240
2.766950
3.173266
3.091355
3.170331
3.064949
2.888651
2.936567
3.100486
2.961381
2.862611
3.110004
2.701858
2.716564
3.208429
3.190886
3.176492
3.198363
2.955352
2.867601
2.744481
2.750868
3.069709
3.057527
2.834467
2.910936
2.863273
3.170547
3.054882
3.099370
2.844905
3.123496
3.234091
3.167349
3.074320
3.174777
2.934383
2.808612
2.963990
3.260827
3.041159
2.931448
3.062123
3.040005
2.966137
2.716465
2.900647
2.749766
3.243680
3.154115
2.857668
2.714056
2.957051
3.223228
3.003279
3.299449
3.279267
2.990057
3.075427
2.858162
2.865977
3.061749
3.013681
3.127449
2.772606
3.268535
3.145997
2.706424
3.230432
2.946262
3.087670
3.131001
2.759800
3.215782
3.168889
3.104446
3.204470
3.183108
3.276402
3.294670
3.057264
3.015334
2.811122
3.000196
2.951120
2.966495
3.036040
2.819347
3.256454
2.990928
2.960634
3.139040
2.820939
2.845748
2.961192
3.062003
3.189565
2.754714
3.103419
3.021754
3.126944
2.763663
3.293184
3.170732
3.238677
2.811538
2.888449
3.062237
2.909025
3.114447
3.127082
2.812174
3.024340
3.106205
2.729993
3.021946
3.077527
2.729448
3.026031
2.931528
3.244964
3.063310
3.158185
2.917704
2.806668
3.263727
3.185652
2.717595
3.046331
3.147016
2.910283
2.781046
2.801214
2.887547
3.212070
3.006780
2.925254
2.860517
2.965874
3.003419
2.792103
3.280075
3.133967
2.879308
2.939599
3.041339
3.091625
3.149101
2.735750
3.036653
2.728336
3.167789
2.838900
2.922458
3.120092
2.923534
3.152562
3.061155
3.058404
2.771064
2.852438
3.273377
2.740977
3.147776
2.964450
2.720803
2.852019
3.076458
2.974652
2.993586
3.104482
2.718997
2.782339
2.824095
2.739009
3.093246
2.859705
2.778633
3.028719
3.019106
2.758061
2.745237
2.822123
2.836875
3.222072
2.811965
2.854341
3.138853
2.903400
2.910513
3.194332
2.853993
2.938408
2.760367
3.176652
3.037292
2.788710
3.023937
2.881732
2.949590
2.884697
3.163803
2.881647
3.205502
3.296895
3.197364
2.854013
3.238423
2.883207
2.776717
3.271069
3.157485
2.730677
2.951683
2.760588
2.892157
2.703364
2.977277
3.030315
3.267861
3.015019
3.108516
3.037477
3.181963
2.871110
2.705537
3.126620
3.187856
2.998254
3.188819
2.797562
2.734781
3.032984
2.836230
2.792397
2.815864
3.033441
3.204314
3.252651
2.896737
2.893602
2.904204
3.058759
2.902054
3.297899
3.173695
2.868655
3.027601
3.098818
2.786800
2.767276
2.703123
2.937536
2.907604
3.068439
3.179247
2.985053
3.096336
3.180569
2.757165
2.972967
3.101162
3.173909
3.161788
2.996035
2.913715
2.775335
3.262758
3.051487
2.832495
2.860316
3.146088
3.162603
3.044512
2.961575
2.939116
2.725788
2.726910
2.789666
3.138304
3.283928
3.255120
3.172174
2.931006
2.827014
3.017326
2.776534
3.075056
3.080910
2.755733
2.716842
2.781955
2.924561
2.818604
2.997930
2.804101
3.085690
3.142060
3.103615
2.909289
3.223299
3.289183
3.018687
2.858005
2.746309
2.737889
3.034677
3.247797
2.991695
2.749172
3.121062
3.130588
3.103866
2.834041
3.165923
2.973381
3.222189
2.862276
2.821845
2.935983
3.080453
3.259102
2.862123
2.723688
2.760127
3.228389
2.923616
2.701913
2.953931
3.067146
2.824471
3.158992
2.769183
2.894608
3.190283
3.123289
2.770744
2.746830
3.015801
3.067723
3.049040
2.991616
3.144620
3.107964
3.194535
3.184112
3.041270
2.766707
3.086054
3.222002
3.079284
3.131365
2.766164
2.839262
3.090980
2.743005
3.119997
2.940230
3.117178
2.820053
3.008050
2.795509
3.008170
3.268298
2.925849
3.097905
2.765790
2.782763
2.880316
2.898198
2.954736
2.873219
2.701065
3.052815
2.828297
2.733961
2.978430
3.137061
3.093980
3.097421
3.008313
2.791202
3.267667
3.195192
3.034555
2.803301
2.776118
2.871646
3.163981
2.763940
3.204657
3.197076
3.225231
2.880867
2.933425
2.801137
3.287623
3.085159
3.022807
2.773645
2.795695
3.128998
2.705098
2.741330
2.706350
2.819462
2.993754
3.246667
3.034721
3.117545
2.958428
2.919878
3.061231
3.159599
3.187897
2.956686
2.892416
3.088452
3.074147
2.909807
3.281520
2.970071
2.865648
3.229892
3.249305
3.235745
2.916540
2.982653
2.827883
2.938518
3.121131
3.182709
3.084192
3.027573
3.020150
2.989330
3.025173
3.039259
2.808945
2.714902
3.001124
2.707521
3.243472
2.888237
3.090027
3.159150
2.813552
2.815756
2.920210
2.999200
3.021593
2.959273
3.111354
3.113100
3.128853
2.804639
2.997763
3.154619
3.122421
3.206866
3.026487
3.030843
3.182777
3.177620
3.031180
3.085351
3.177068
3.132467
3.122386
2.813379
3.199166
2.772329
3.181749
2.962765
2.930028
3.017684
2.993968
3.222047
2.973643
2.909192
3.249739
2.891185
3.270202
3.127943
2.979030
3.153944
3.185463
3.240950
3.014119
3.206613
2.909263
2.840047
2.950686
3.058369
3.282354
3.041505
3.214092
2.978635
2.790032
3.272403
3.021386
3.000394
3.060061
3.003494
3.124338
3.204910
3.002206
3.107494
3.007419
3.074287
3.158786
2.906466
3.297558
3.024729
2.716754
2.987631
2.980810
3.146171
2.937191
3.228562
3.237642
3.036502
2.867804
2.843768
2.919985
2.811099
2.959247
3.040031
3.021128
3.007974
2.773305
3.195551
3.120923
2.743411
3.041285
2.909057
2.934090
3.258685
3.072228
2.985182
3.117554
3.250123
3.031889
3.278861
3.065590
2.827178
2.994751
2.774368
3.093335
3.206378
3.286398
2.836835
2.758921
2.817775
3.011401
3.161991
2.913818
3.182657
3.147465
2.989968
3.109177
2.852458
2.887439
2.981546
3.012847
3.087017
2.716891
3.288228
2.774385
3.041373
3.180405
3.162535
3.252140
2.933236
3.212989
2.959412
3.080770
3.024445
2.838319
2.837680
2.909407
3.088944
2.834209
2.847204
3.184858
3.264624
3.283994
3.269448
3.134744
2.994931
2.968171
2.723975
3.223768
2.748644
2.758431
3.227420
3.201603
3.145927
2.703148
3.070405
3.039979
3.235009
2.827701
2.724712
3.094904
2.804454
3.194750
2.900980
3.032090
3.064689
2.732329
2.928432
2.796591
2.854792
3.246224
2.980793
2.938560
2.985918
2.865322
3.063855
3.055245
2.719269
2.845907
2.705207
3.027023
2.778356
2.762038
3.237451
2.974877
3.229752
2.824753
2.763471
3.267334
3.146705
2.911957
2.904597
3.079743
2.814220
3.069890
2.729669
2.805590
3.048824
2.810583
3.196755
3.100205
2.755945
3.284507
3.114419
3.200564
2.887794
2.725844
2.837030
2.916747
3.267283
2.906331
3.199540
3.118119
2.854733
3.110955
2.839750
2.867128
3.093775
2.962224
2.907065
2.745408
3.105909
3.016564
2.893118
2.804656
2.765900
3.044689
3.028811
3.233260
2.832429
3.152092
2.856925
3.179322
3.027187
3.148854
3.162400
2.992969
3.013885
3.183214
3.103426
3.081355
2.795323
3.086161
3.157204
3.276873
2.811960
3.015789
3.090300
3.144539
3.220855
3.238841
3.145744
2.865603
3.028129
3.078385
2.994867
3.297725
2.937524
2.974480
2.716364
2.808681
2.813072
3.038950
2.734563
2.847530
2.833197
3.298768
3.105496
2.737675
3.037847
2.804932
3.206129
3.263166
3.241516
2.871753
3.049011
3.132850
3.155463
3.154877
3.187710
3.124034
3.117462
2.764536
3.048619
2.937299
2.708383
2.737005
2.883684
2.937159
3.185440
2.797914
3.238538
2.748037
2.808188
3.143126
2.912705
2.817700
2.847890
2.946101
2.799945
2.730352
3.008747
2.882086
3.048024
2.950206
2.810176
2.737815
2.718515
2.743706
2.871957
2.751865
2.871567
2.741343
3.015448
3.152357
2.801908
3.075437
3.165296
2.727531
3.137237
2.963849
3.125676
2.972052
2.757244
3.198069
2.840718
2.819825
3.110363
3.199929
2.916521
3.118984
3.286813
2.700470
3.286860
3.198225
3.246175
3.146113
2.783974
2.982833
3.156817
3.224956
2.791033
3.038906
3.129462
3.208815
2.927349
3.051931
3.248352
3.067806
2.712096
2.914097
3.141642
3.081427
3.056735
3.201915
3.162736
2.804033
3.246478
3.135969
3.026085
2.924788
3.247789
2.710188
2.887142
2.750534
2.957322
3.005051
2.829043
3.162736
2.707009
3.142107
3.174382
3.203057
2.757030
2.911692
3.202382
2.829337
3.183535
3.276800
2.793999
2.714329
3.048322
2.915159
2.808833
2.955984
2.748007
2.835795
2.783855
3.002027
2.940946
2.941118
2.898073
2.815637
2.935733
3.253853
3.067623
3.205637
2.780212
2.788398
3.163815
3.195390
2.830429
2.882762
3.073005
3.198433
3.140813
2.881688
2.982091
2.868510
2.975024
3.180671
2.987611
3.297152
3.193455
2.832197
2.740861
2.758242
2.833242
2.988193
2.788202
3.129352
2.809270
3.063129
3.004536
3.093888
2.775231
2.955530
2.923978
2.852448
3.116818
3.182001
3.266971
3.107435
3.134208
2.845218
2.812276
2.743612
2.947918
3.292281
2.786014
3.274434
3.112907
2.787587
3.232277
3.101972
3.200137
3.258510
2.991888
2.942180
3.084243
2.832193
2.981248
2.853313
2.862977
2.986811
3.000337
2.993871
3.131961
2.734136
2.929688
2.823924
3.055039
3.175504
2.928834
2.800378
3.120785
2.921473
2.862699
3.177943
3.173730
2.770259
2.849968
3.014081
2.884234
3.041236
3.289315
3.057829
2.864619
3.196514
2.743378
3.142049
2.758615
2.862887
3.104698
3.258410
2.990984
3.084490
2.939221
2.978801
3.095460
3.266223
3.087558
2.801795
3.065837
3.189846
2.952085
2.701546
3.245693
3.254864
2.777834
3.256765
2.933957
3.049535
2.705727
3.203738
3.134187
3.230841
3.046285
2.905244
2.941419
3.033815
3.279080
3.097603
3.282839
3.274730
2.911888
2.862325
2.820352
3.143815
3.077577
3.079192
3.067515
2.770474
3.115102
3.273764
2.753595
3.163414
3.164336
3.177074
2.736631
3.175680
3.070911
3.200979
3.259351
3.194635
2.717470
2.869774
2.949113
3.273321
3.039355
2.954821
3.019571
3.222417
2.895023
2.839854
2.840779
2.944612
2.729393
3.163457
2.962527
3.026083
3.021642
3.084661
2.766909
2.797716
3.092761
2.865368
2.945328
2.868641
2.853150
2.754330
2.979284
2.770355
3.016415
2.982945
2.945491
3.272531
2.893761
3.242563
2.779249
2.731096
2.735006
3.069314
2.875783
3.248546
2.700409
2.869367
3.068122
3.261960
2.757109
3.237531
2.796644
3.038422
2.977110
3.280787
2.700048
2.751889
3.256350
2.901268
2.700928
2.807219
2.826897
3.194749
2.727226
3.113312
2.806845
3.189923
3.229352
3.095023
2.773268
3.036097
2.779475
3.142852
3.132777
3.005903
3.209274
2.815101
2.780885
3.216162
3.297589
2.857611
2.742125
3.252307
2.764433
3.235109
2.852293
2.771373
2.914294
3.026873
3.052688
3.147395
2.862671
2.935566
2.993487
2.816845
2.948942
3.196531
3.097288
3.064575
2.889917
3.137081
3.221828
3.277697
2.885941
3.131238
3.222112
3.220741
3.220161
3.115255
2.911631
3.098688
3.140406
2.976913
2.733586
3.154329
3.094284
3.241663
3.228530
3.068866
2.701446
3.021295
3.186756
3.017064
3.156172
2.980468
2.969397
3.164252
2.813767
3.262829
2.894521
3.076433
2.813325
2.722801
3.160865
2.859031
3.224271
2.789205
3.139483
3.262517
3.205581
2.908796
3.058802
2.921970
2.726884
3.024619
3.296785
3.280512
3.092993
2.864361
3.224641
3.267821
3.010259
3.101630
2.703658
3.008744
3.149030
2.816245
3.023861
2.938768
3.187746
3.164475
2.919829
2.744045
2.982319
2.926905
2.757031
3.012262
2.745351
3.212825
2.732836
2.866236
2.771266
3.160805
3.023262
3.273678
2.745463
3.258391
2.810604
2.753001
3.259358
3.180826
3.145235
3.002877
3.174841
3.043880
3.298216
3.297371
2.944976
2.776247
3.279629
3.281124
3.096023
2.898729
3.241788
3.128768
2.851700
3.060460
2.759448
2.788373
3.058340
2.712922
2.967574
2.842064
2.720803
3.153103
3.176477
3.185082
3.174463
2.856171
3.192545
3.229366
2.827425
3.032427
2.869878
2.781567
3.085257
3.042010
2.816999
3.297984
2.979263
3.166006
3.264757
3.075677
3.051244
2.734480
2.760299
3.284552
2.826160
2.710639
3.125474
2.717303
3.056632
2.723313
2.753901
3.015265
3.146444
2.878205
2.937472
2.760389
3.169324
2.824115
2.854276
2.874759
3.002447
3.206032
2.813628
2.784835
2.946437
3.126395
2.925545
3.271077
3.015454
2.764859
3.086915
2.854456
2.792507
2.817968
3.199866
3.041055
3.088470
2.794066
2.990704
3.294663
2.737943
2.992395
2.740752
3.139098
3.160748
3.263643
2.999703
2.750016
2.992862
3.295539
2.950793
2.849452
3.044393
3.226145
3.279209
3.046567
2.914522
3.173742
2.907174
3.187006
3.268101
3.104955
3.211736
2.800806
2.837396
2.921408
2.835209
2.848816
3.209707
2.725739
3.215947
2.962716
3.077648
3.279296
3.174122
2.859139
3.293123
3.171603
3.038504
3.181607
2.900918
3.264904
3.221196
2.912313
2.908462
2.740271
2.775582
3.225740
3.012617
3.199185
3.123773
2.764681
2.819949
2.970666
2.758247
3.251022
2.893958
2.950351
2.792384
2.809675
2.943789
3.231340
3.237549
2.863839
3.260295
3.074843
3.120190
3.084214
3.202351
2.946555
3.243180
3.103675
3.125976
3.189192
3.005840
3.023607
3.291408
2.912834
2.709375
3.289962
2.836153
3.120854
2.859939
2.875309
2.964129
2.756781
3.016664
2.734399
2.866642
2.943110
3.173601
3.029670
3.211091
2.967447
2.919715
2.821324
3.014922
2.842742
2.745897
2.755781
2.933064
3.131922
3.235484
2.704114
2.711177
2.788497
2.765367
2.752449
3.089808
2.967747
2.968293
3.121178
2.968141
3.091552
3.161098
3.204032
2.853870
2.828092
2.732159
3.191090
3.258585
3.127795
3.171413
2.861206
3.105300
3.143992
2.735843
3.261420
3.276327
3.020533
2.770164
3.282152
2.848285
2.725607
3.027285
3.255931
3.172064
2.787828
2.804159
2.954773
2.729467
3.091438
3.067103
2.986925
2.959705
2.801797
3.001181
3.087364
3.294727
3.208972
3.234156
3.213841
3.158680
3.216203
2.756680
3.151116
2.834181
3.135075
3.092775
2.931314
3.060594
3.163626
2.955230
2.887521
2.701572
3.186042
3.139513
3.239690
3.195195
2.994141
3.199024
2.859344
2.920257
2.794675
2.725921
3.288493
2.961794
3.254113
3.187397
2.846422
2.715530
3.201467
2.972301
2.933345
3.080441
3.119115
2.958124
3.071695
2.734600
3.124275
2.943699
2.994091
3.269534
2.863311
3.270130
2.796349
3.028572
3.011792
3.289998
3.159130
3.121354
3.111729
3.287150
2.736853
3.268217
2.974163
3.184712
3.153273
3.221916
2.978057
2.788448
3.069184
2.947788
3.293528
2.764775
3.031430
2.986383
3.089073
2.982121
3.258047
3.176364
2.914409
3.246235
3.012065
2.891370
3.011879
2.764393
2.743479
3.157438
2.877518
3.136384
2.857654
2.967712
3.116104
3.133119
2.742164
3.293419
3.112115
2.833083
3.234758
3.214005
3.184918
2.807502
3.264474
2.800648
2.826832
2.978209
3.090420
2.873590
3.202622
2.803965
2.929052
2.929813
2.818969
3.139161
2.948735
3.095825
3.119801
3.099982
3.193289
3.092021
2.743753
3.109869
3.090686
2.763618
2.939636
3.003548
2.764064
2.897396
2.998739
3.074474
2.894766
2.873871
3.072600
2.735076
2.818205
3.077186
3.159871
2.872644
2.847156
2.836681
2.918959
2.785003
3.018464
3.290656
2.758549
2.863003
2.998096
3.295977
2.813423
3.244739
2.802093
2.794184
2.768664
3.299200
2.759427
2.877816
2.889402
3.195745
3.191222
3.190591
2.813139
2.886185
2.833594
2.981630
2.905031
2.709126
2.892791
2.943798
2.982840
2.760907
3.001090
2.849348
3.230653
3.131831
2.822800
2.977459
3.173511
3.074331
2.870935
2.962368
2.962059
3.188315
3.113279
3.231331
3.005644
2.765007
2.856508
3.254279
3.069950
2.780565
3.229934
2.779465
2.848031
2.990832
3.046347
3.212003
3.178841
3.167824
2.848359
2.825175
3.161793
3.147364
2.947625
2.876804
2.744563
3.008037
2.960573
3.155155
2.873109
3.062177
3.239811
2.741467
3.155623
3.118380
2.952215
2.990428
2.739423
2.926406
3.266195
3.264237
3.251994
2.801841
2.914701
3.172054
2.730118
2.954282
2.791596
3.209223
3.128495
2.997036
3.187307
3.011333
2.850065
2.835119
2.933043
2.826076
2.917280
3.221443
3.004534
2.706860
3.200375
2.852432
2.833096
2.918493
2.807673
3.237788
2.811941
3.160747
3.238129
2.913556
2.921628
3.006649
3.192640
3.192344
3.064296
3.069702
2.978079
3.073497
3.120349
3.287497
2.750052
3.106916
2.909654
3.283155
3.170676
3.126108
3.099173
2.812832
2.932326
2.763308
2.779826
3.295701
3.228903
2.941078
3.263942
2.900234
2.929779
2.894904
3.138270
2.816485
2.775830
2.887536
2.713537
2.702922
2.811090
3.030433
3.288315
2.838477
3.093119
2.800968
3.299387
3.112831
3.048354
3.046599
2.810506
2.874931
3.237730
3.090233
2.958185
3.176017
2.708951
3.056473
3.174756
2.923667
3.282578
3.111574
3.155366
2.712718
2.915761
3.138415
3.120774
3.168993
3.165776
3.133618
2.887029
2.862726
3.156377
3.101635
2.705271
3.170312
3.065672
2.954875
3.098669
3.169418
2.852558
2.818743
2.871777
3.232130
2.760817
2.881271
3.292969
3.188462
2.790486
2.858745
3.226103
3.155104
3.172934
2.716047
2.780951
2.857949
2.816575
2.964528
3.175620
3.062861
3.000965
3.007216
3.226919
2.979658
3.249401
3.177781
2.876940
3.227017
3.212391
2.840255
2.709276
3.029723
2.971007
2.734476
2.752086
2.785086
3.183079
2.863491
2.979610
2.997480
3.113187
3.214684
3.104662
2.837222
3.075953
2.781927
3.008982
2.832562
2.960959
2.718554
3.127526
2.814714
3.166954
2.980762
3.085540
3.035521
2.703130
2.824928
2.844280
3.034905
3.257163
3.168446
2.949446
3.046091
3.212276
2.991105
3.120924
2.909797
2.927359
3.216316
3.256460
3.171565
2.829448
3.034367
2.807366
3.112477
2.798204
3.140777
3.056532
3.129123
3.191207
3.108627
2.979741
3.090845
3.112511
3.050443
2.841659
2.847341
2.716640
3.102926
3.097533
3.035727
3.047032
2.761977
2.746709
3.247585
2.760767
3.245328
2.894633
2.995682
3.095006
2.794060
2.782744
2.814967
2.735872
2.802435
2.792363
2.847880
2.882963
2.743669
2.719336
3.218465
3.118188
3.079774
2.774407
3.006284
3.015174
3.033167
3.227239
2.758393
2.873454
2.727693
2.712944
2.923356
3.250898
3.177242
3.165973
2.988750
3.035656
3.285478
3.261904
3.032869
2.934888
3.210184
2.743613
3.179367
3.060490
3.003882
2.793292
3.274267
2.846868
3.261691
3.165172
2.882781
2.932478
3.224023
3.277174
2.789651
3.125186
3.030276
2.844985
2.870416
2.738214
3.061567
2.804830
3.212916
3.183869
2.905507
3.143747
2.908612
2.721888
2.791521
3.289470
2.780082
3.299496
3.017353
3.003141
2.879041
3.129699
3.010490
2.805642
3.011651
2.807979
2.902757
2.996596
3.298976
3.020594
2.770711
2.954073
3.290441
3.128451
3.071541
3.190240
2.717769
2.731363
2.972748
3.135417
3.131883
3.264975
2.967810
2.858742
2.743483
2.911119
2.994335
2.897994
3.118995
2.953304
2.887236
3.082901
2.945317
2.967138
2.989837
3.142672
3.172913
2.764794
3.210495
2.700863
3.116914
3.224792
3.083914
3.141862
3.246277
3.270855
2.899764
3.075007
2.717428
3.064080
3.259552
3.294221
2.734172
2.996905
3.148064
3.096909
3.077611
3.181710
3.009870
3.038828
3.188217
2.875265
3.113469
2.781934
2.760830
2.758266
3.132172
2.747653
3.230204
3.253815
3.221070
2.971762
3.161272
2.839235
2.830440
3.102008
2.814501
2.816238
3.179724
2.733564
2.853150
2.846779
2.845912
3.175517
3.119534
3.197489
2.902969
2.715526
2.743029
3.115163
2.865992
3.111227
3.147162
3.135361
2.790701
2.708318
2.908722
3.223701
2.980491
3.208753
2.773263
2.865801
2.760526
2.871024
3.070026
3.003458
3.004314
3.062148
3.146215
2.838473
3.216416
2.927138
3.132691
3.021892
3.116823
2.975700
2.935925
3.152744
3.089419
3.224937
3.005399
3.267953
2.984150
2.926427
2.791145
2.997828
2.923757
3.294566
3.167236
2.814038
2.877101
3.124656
3.116448
2.968359
3.021295
3.216544
3.130192
2.790852
2.765370
2.787349
3.039157
3.033501
2.876096
3.264646
3.124850
3.192911
2.919117
2.802002
3.066399
3.287400
3.179613
2.971614
3.163684
2.715095
2.777716
3.049157
3.281146
3.042322
2.881968
2.857230
3.156779
2.893886
3.259797
2.935063
2.797556
3.150358
2.837187
3.022277
2.862259
3.000898
3.165739
3.219712
2.710040
3.297368
3.196437
2.935515
2.757925
2.850327
2.783777
3.089519
3.156294
3.009611
2.855154
2.710274
3.281118
2.774262
2.946842
3.082033
2.818754
3.125818
2.936207
3.198990
3.281993
2.942684
2.783109
2.868954
2.782164
2.732406
3.174862
3.062266
3.287370
3.018549
3.213999
3.166646
2.810725
3.171257
2.777378
3.182362
2.764864
2.939391
2.950633
3.269916
2.929134
2.721301
3.272544
2.990293
2.882501
2.911196
2.825772
3.198551
2.871593
2.784309
2.845058
3.220047
3.232130
3.005502
3.270646
3.281783
3.249853
2.848136
3.118574
2.708985
3.111803
3.139788
3.042821
3.277358
2.713285
2.753336
3.179292
2.897948
3.099288
2.854829
2.956937
3.226003
2.721671
3.001232
3.098892
2.892625
3.130605
2.975583
3.238752
2.796172
2.799549
3.191843
2.974559
2.781825
2.899181
3.230837
3.088056
3.143032
3.009749
3.122680
3.190490
2.984484
2.815014
2.978836
3.182753
2.836057
3.134546
3.292076
3.032670
2.899203
2.944748
3.004780
3.125704
2.974977
2.823139
2.851562
3.136501
3.138045
2.700731
3.251884
2.853114
3.241539
2.965336
3.087311
3.190696
3.190737
2.706054
3.278138
3.007313
2.925724
2.923357
3.168656
2.894348
2.771702
3.159024
3.232911
3.295746
3.167216
2.940837
3.074705
3.073852
2.826408
3.261838
2.955425
2.869101
3.000353
3.141649
2.772420
3.086105
2.744459
3.263566
3.107348
2.789075
3.186885
3.086809
2.835162
2.731316
2.771738
2.922985
3.053123
3.153464
3.165935
3.021398
3.230464
3.188436
2.830277
3.275000
3.029151
3.168327
3.194617
2.827023
3.060523
2.764377
3.265697
3.195208
3.094912
3.008936
3.076771
3.101543
2.808785
3.265357
3.098892
3.081862
3.201260
3.249076
2.995343
2.870352
3.260773
3.201876
3.089596
3.054670
3.032597
3.066551
2.805851
3.170193
2.991824
2.986361
3.010953
3.048940
3.160714
3.141542
3.069388
3.126374
2.945733
3.130280
3.179284
2.985143
2.987186
3.266338
2.989090
2.840307
3.212599
3.118104
2.996353
2.909310
3.249277
3.256999
3.185580
2.782153
2.931834
3.276842
2.796804
2.924977
2.811094
2.906969
2.887123
3.165033
2.826276
2.983093
3.009634
3.174483
3.275733
2.938474
3.166440
2.828446
3.296102
3.229859
2.890031
2.971131
3.208642
3.025121
3.027872
3.041765
2.974048
3.013572
2.952687
3.105067
3.040308
2.955556
2.929426
3.069056
3.049062
2.789465
2.982083
3.094702
3.184446
3.293590
2.997419
3.159010
3.022124
3.265714
2.722866
3.203042
2.839646
3.154307
3.189350
3.010772
2.800180
3.141205
2.806226
2.714386
3.283497
2.741303
3.177549
3.167733
2.848768
2.952242
2.996674
3.277833
2.764802
3.073674
3.251534
2.764118
2.707528
3.096725
3.024594
2.841529
3.189038
2.816224
2.934731
3.062725
2.863199
3.106482
2.852978
3.185960
2.787952
3.242561
3.157538
3.259086
3.237072
3.130781
3.191383
2.842710
2.924660
3.253118
2.930905
2.858607
3.174432
2.843909
2.857144
3.085410
2.999512
3.058222
2.817960
3.240708
3.172074
3.122199
3.119205
2.888995
3.090338
2.931450
2.760214
3.073276
2.757286
3.288670
2.702066
3.153559
2.745551
2.718768
3.203448
2.941088
2.836458
3.276357
2.955690
2.745936
2.792002
2.814069
3.145561
2.755235
3.133392
2.848909
3.214260
2.877062
3.173943
3.078295
2.915175
2.933839
2.758214
2.966456
3.089322
2.907073
2.791797
3.151912
3.269759
3.121170
2.745939
3.146276
3.272108
2.915056
3.083359
2.936033
2.708986
3.203212
3.131973
2.937722
3.074282
2.868058
3.261716
2.773044
2.817145
2.943840
3.059174
2.729291
2.776474
2.727043
2.916780
3.139908
2.989102
2.730951
2.716994
2.812230
3.051179
3.246161
2.866695
2.734652
3.003217
2.836090
3.253554
2.944847
2.750150
2.760436
3.005761
3.024322
3.037556
3.102326
2.821693
3.122024
3.134056
2.968465
2.790489
2.718240
2.876153
3.004794
3.151114
2.824046
2.898679
2.887867
2.984156
3.158619
2.739625
2.978481
2.873563
2.740866
3.026150
3.116887
3.113147
3.087795
2.942242
3.087062
3.244671
3.182534
2.802080
3.126159
2.808937
2.984613
2.939402
2.981420
2.782282
2.859973
3.209940
2.795991
3.068866
3.063049
2.882506
2.701819
2.834786
3.202757
2.859153
2.851992
3.232643
2.871166
2.880951
2.704383
3.097392
3.216363
3.146933
3.275825
3.229561
2.751568
2.804236
3.189494
3.151389
3.192050
3.269026
3.132632
3.157988
3.052580
2.732635
2.928156
3.148064
2.974643
3.038757
2.932803
3.238143
3.053103
2.866546
3.124840
2.955627
2.863606
2.884462
3.055168
2.968377
3.085447
3.087538
2.757621
3.110476
2.778351
2.969949
3.051048
3.136904
2.847215
2.764116
3.168791
3.195747
3.121493
2.721817
3.037449
2.999950
3.109035
3.097108
2.938402
3.085176
2.908920
3.230624
2.872281
3.172016
3.244718
2.883055
2.753722
3.098473
2.782292
2.845560
3.149357
2.804623
3.003088
3.281685
2.985223
3.254691
2.987493
2.937026
3.181725
2.778028
2.938342
3.049761
2.807926
2.890825
2.827344
2.718487
2.701279
2.947703
3.073494
3.019486
3.102438
2.899023
3.051705
2.763959
3.105030
2.815895
2.963178
3.194008
2.704093
3.153940
2.845067
2.911519
2.830437
3.006211
3.002253
3.051946
3.141072
3.067072
2.824690
3.229870
3.287890
3.141242
3.056202
3.124211
3.199814
2.831739
3.160615
2.983399
3.092739
2.939897
3.114460
3.142119
2.746213
2.940930
3.024800
2.882572
2.921152
2.835666
2.814961
2.935130
2.736879
3.094261
3.235339
3.010738
2.831248
3.135063
3.159818
2.714091
2.855717
2.878984
3.077423
3.034340
2.756715
2.973711
2.946379
3.033728
2.705316
3.230568
3.063302
3.043852
2.858327
3.218434
2.754912
3.225439
2.804489
2.950857
2.946577
3.058626
2.997276
2.844624
3.195982
3.207338
3.046003
3.078093
2.765949
3.262823
3.241699
2.806054
2.712302
3.218869
2.738525
2.704794
2.776963
2.824751
3.184486
3.121237
2.928575
3.237824
2.810630
2.749441
2.794239
3.171298
2.744756
2.872917
2.760829
3.149040
3.254700
3.130538
2.870953
2.722389
2.966078
3.212327
3.238122
2.765101
2.847440
3.108764
3.089924
2.993807
3.185820
2.776865
2.709137
3.253402
2.916562
3.137045
2.918853
3.249952
3.206881
3.096750
3.127215
3.084015
3.055170
2.908619
2.903026
2.714928
3.045697
2.980705
3.167019
3.014462
3.129758
2.723612
2.852376
3.259398
3.207573
3.153970
3.148758
3.001644
3.127076
3.283029
2.964390
2.876191
3.177922
3.006497
3.011837
3.226199
3.178053
2.945727
3.199584
3.156944
2.773732
2.965389
3.287501
2.745880
2.778767
3.238712
2.752048
2.826227
3.275052
3.180060
3.014997
2.712901
2.738294
3.196167
2.924249
3.282012
2.801805
3.015737
2.978847
2.756783
2.916409
2.803756
3.170731
3.076045
3.157213
2.793243
3.097634
2.966612
3.041690
3.287805
2.923002
2.872872
3.232823
2.977137
3.088996
2.847859
2.915383
2.737518
3.057920
3.212918
3.030800
2.748095
2.707176
3.127082
3.041689
2.832669
2.742514
2.994482
3.276385
3.191070
2.735871
3.105297
3.105987
2.904386
3.226962
3.172621
2.864983
3.030471
2.808517
3.285760
3.224960
3.127698
2.825342
3.078757
3.227896
2.889916
3.239329
3.295175
3.231262
2.987954
2.902857
3.105770
3.150477
3.148585
2.986359
2.826539
3.283261
2.706521
3.021673
3.030161
2.972390
2.916656
3.197568
2.955668
3.249155
3.117298
2.970797
2.959592
2.784851
2.893494
3.286686
2.750633
2.926561
2.990954
3.263280
3.185455
2.949643
2.903878
3.143892
3.124092
3.059017
3.050124
2.830315
2.959037
2.915462
3.031107
3.186108
3.257396
3.172413
2.842516
3.182543
2.857522
2.749826
3.024889
2.929266
2.862924
3.066760
2.987295
3.298115
2.781438
2.765862
3.175126
2.830532
2.869227
3.062113
2.935496
2.760645
3.258146
2.821776
3.227174
2.748444
2.876189
2.832196
2.991800
3.154511
3.270564
3.228044
2.839680
2.871649
2.881283
3.135995
3.056697
2.950823
3.298502
3.138695
3.211690
2.809434
3.009810
3.082840
2.925047
3.167030
2.895530
2.848608
2.827201
2.957989
2.979321
2.715419
3.141367
2.876676
3.279152
3.229909
2.823442
3.019557
2.844222
3.149804
2.952259
2.955084
2.918120
3.029822
3.061634
3.186018
2.776777
2.982602
2.943845
3.286849
2.743580
3.217569
3.114579
3.190072
2.795795
3.226905
2.810598
2.923974
2.828497
2.881517
2.898161
2.984620
2.817776
2.881384
3.260766
2.887612
2.969377
2.912858
2.926650
2.714238
2.889207
3.191111
2.881569
3.248654
2.742730
2.759559
2.873682
3.239444
2.949741
2.934180
3.283331
3.004932
3.050496
2.701507
3.245893
2.939707
2.766363
3.013405
2.790708
3.040944
3.144524
3.132670
2.717893
3.257372
2.709305
3.197976
3.250794
3.205015
3.057664
2.819224
3.126592
2.863340
3.038474
3.296976
3.112819
2.815272
2.799274
2.864897
3.088352
3.048167
3.286893
2.901985
3.182537
2.789753
2.712969
2.864807
3.161231
3.056332
2.767802
3.125965
2.986982
3.214930
2.858634
3.181877
2.974954
3.074216
3.059338
2.908152
3.243270
3.035040
2.997989
2.731391
3.261280
3.127468
3.274712
2.914536
3.042902
2.892886
3.247469
3.207550
3.126974
2.931598
3.269559
3.197596
3.031125
3.034472
3.204024
3.109039
3.237190
3.297093
3.024566
2.876952
3.159214
2.997409
2.859506
2.976166
2.861009
3.125248
3.129483
3.239998
2.795997
3.110679
2.902754
2.757115
2.777474
2.806207
2.997702
2.886925
2.724802
3.272880
2.725454
3.043724
2.875047
3.266759
2.988780
3.071582
3.233561
3.119358
3.013520
3.016556
3.055200
3.227626
3.259521
3.101837
2.935717
3.009846
2.882820
2.779967
2.754400
3.186703
2.751241
2.942773
2.937566
2.861887
3.125758
3.162372
3.105605
3.040257
2.991470
2.895661
2.828524
2.959189
2.750631
2.963432
3.276298
3.296401
2.716283
3.286926
3.203720
3.060640
3.259570
2.910152
2.796484
2.784534
2.993933
3.079646
3.289348
3.137974
2.870154
3.170466
2.765535
3.113862
3.097947
2.881472
3.069321
3.060710
2.900201
3.238778
2.877917
3.115586
2.739794
3.123985
3.280051
3.133735
3.285649
3.251325
2.781580
3.249120
3.272637
2.991771
2.809729
2.771376
2.758823
2.905010
2.930951
2.974769
2.744613
2.805596
2.837878
3.044979
2.781813
2.949646
2.789590
3.195938
3.024242
3.101151
3.228261
2.934977
2.801576
3.272275
3.067193
3.167790
2.918316
2.858115
2.708590
3.066247
2.831163
3.204816
3.042617
3.014774
3.094546
3.062981
2.954194
3.082815
2.827905
3.129888
2.949731
2.950688
3.059389
2.810917
2.872622
2.845388
2.869286
3.261574
3.264233
2.862872
2.985671
2.716853
2.863151
2.914642
2.900788
2.887533
3.012367
2.785626
3.058425
2.761490
2.785744
2.985726
2.793539
2.886938
2.973817
3.156164
2.838693
3.141346
3.224262
2.940664
3.288837
2.965774
3.153841
2.700059
3.064919
2.967112
2.723491
3.225975
3.111181
2.930600
3.206434
3.121929
2.987799
3.231029
3.000857
3.167651
3.249712
2.811133
3.092653
3.094516
3.190631
2.974118
3.127254
3.279356
2.754176
3.013378
3.183087
3.216314
3.200780
2.948067
2.839276
2.950052
3.225051
2.936546
2.981389
2.812361
3.268379
3.295600
2.868588
3.216276
3.273004
2.924556
2.799256
2.932659
3.040713
2.991636
2.923340
3.091473
3.107185
3.261105
3.281180
2.726704
2.850288
2.923490
3.271283
3.049184
3.209470
2.757409
2.859814
3.123766
3.132012
2.815545
2.809517
2.862596
2.766005
3.061688
2.754556
3.150189
3.041510
2.930668
2.762802
3.059510
3.158181
2.893600
2.878912
2.916513
2.815110
3.222523
3.186067
3.108521
2.796008
2.929542
2.799419
3.182620
